contractSymbol,lastTradeDate,strike,lastPrice,bid,ask,change,percentChange,volume,openInterest,impliedVolatility,inTheMoney,contractSize,currency,expiration
PFE251017P00012000,2025-10-03 14:31:57+00:00,12.0,0.02,0.0,0.01,0.0,0.0,20.0,86.0,3.50000125,False,REGULAR,USD,2025-10-17
PFE251017P00013000,2025-09-02 19:58:50+00:00,13.0,0.01,0.0,0.02,0.0,0.0,1.0,1913.0,3.3750015624999996,False,REGULAR,USD,2025-10-17
PFE251017P00014000,2025-10-14 13:50:15+00:00,14.0,0.02,0.0,0.01,0.0,0.0,2.0,510.0,2.750003125,False,REGULAR,USD,2025-10-17
PFE251017P00015000,2025-10-15 15:04:33+00:00,15.0,0.01,0.0,0.02,-0.01,-50.0,1.0,34.0,2.68750328125,False,REGULAR,USD,2025-10-17
PFE251017P00016000,2025-10-14 18:35:59+00:00,16.0,0.01,0.0,0.02,-0.01,-50.0,1.0,112.0,2.3750040624999995,False,REGULAR,USD,2025-10-17
PFE251017P00017000,2025-10-10 14:28:39+00:00,17.0,0.01,0.0,0.02,0.0,0.0,1.0,6.0,2.0625048437499998,False,REGULAR,USD,2025-10-17
PFE251017P00018000,2025-10-16 14:56:01+00:00,18.0,0.02,0.0,0.02,0.0,0.0,1.0,134.0,1.75000125,False,REGULAR,USD,2025-10-17
PFE251017P00019000,2025-10-15 13:32:40+00:00,19.0,0.02,0.0,0.01,0.0,0.0,2.0,133.0,1.3125034374999998,False,REGULAR,USD,2025-10-17
PFE251017P00019500,2025-10-16 15:56:27+00:00,19.5,0.02,0.0,0.01,0.01,100.0,2.0,120.0,1.1875040625,False,REGULAR,USD,2025-10-17
PFE251017P00020000,2025-10-07 18:42:11+00:00,20.0,0.01,0.0,0.01,0.0,0.0,10.0,2751.0,1.0625046875000002,False,REGULAR,USD,2025-10-17
PFE251017P00020500,2025-10-10 16:13:36+00:00,20.5,0.01,,0.02,0.0,0.0,,1.0,1.171879140625,False,REGULAR,USD,2025-10-17
PFE251017P00021000,2025-10-16 13:56:39+00:00,21.0,0.01,0.0,0.01,0.0,0.0,1.0,901.0,0.8437515624999999,False,REGULAR,USD,2025-10-17
PFE251017P00021500,2025-10-14 13:45:18+00:00,21.5,0.01,0.0,0.01,0.0,0.0,20.0,212.0,0.7187528125,False,REGULAR,USD,2025-10-17
PFE251017P00022000,2025-10-15 19:28:34+00:00,22.0,0.01,0.0,0.01,0.0,0.0,366.0,6777.0,0.5937540625000001,False,REGULAR,USD,2025-10-17
PFE251017P00022500,2025-10-15 13:41:52+00:00,22.5,0.01,0.0,0.02,0.0,0.0,96.0,987.0,0.5312546875,False,REGULAR,USD,2025-10-17
PFE251017P00023000,2025-10-16 19:59:06+00:00,23.0,0.01,0.0,0.01,0.0,0.0,135.0,11332.0,0.39063109375,False,REGULAR,USD,2025-10-17
PFE251017P00023500,2025-10-16 19:41:39+00:00,23.5,0.02,0.0,0.02,0.0,0.0,260.0,3158.0,0.29688203124999996,False,REGULAR,USD,2025-10-17
PFE251017P00024000,2025-10-16 19:59:53+00:00,24.0,0.07,0.06,0.07,-0.009999998,-12.499997,7111.0,23026.0,0.22266402343749997,False,REGULAR,USD,2025-10-17
PFE251017P00024500,2025-10-16 19:58:29+00:00,24.5,0.35,0.32,0.35,0.09,34.615387,1969.0,5808.0,0.257819921875,True,REGULAR,USD,2025-10-17
PFE251017P00025000,2025-10-16 19:57:35+00:00,25.0,0.77,0.76,0.8,0.13,20.3125,11084.0,36721.0,0.335944140625,True,REGULAR,USD,2025-10-17
PFE251017P00025500,2025-10-16 19:39:20+00:00,25.5,1.23,1.16,1.45,0.110000014,9.82143,418.0,9546.0,0.500005,True,REGULAR,USD,2025-10-17
PFE251017P00026000,2025-10-16 19:40:36+00:00,26.0,1.74,1.65,1.88,0.19000006,12.258069,103.0,6905.0,0.867188828125,True,REGULAR,USD,2025-10-17
PFE251017P00026500,2025-10-16 19:28:25+00:00,26.5,2.12,2.15,2.38,0.099999905,4.9504905,52.0,2310.0,1.01953615234375,True,REGULAR,USD,2025-10-17
PFE251017P00027000,2025-10-16 19:41:29+00:00,27.0,2.8,2.53,2.94,0.21000004,8.108109,1345.0,2637.0,1.32422212890625,True,REGULAR,USD,2025-10-17
PFE251017P00027500,2025-10-16 19:41:29+00:00,27.5,3.35,2.95,3.5,0.14999986,4.687495,833.0,868.0,1.6171894140625,True,REGULAR,USD,2025-10-17
PFE251017P00028000,2025-10-16 19:41:29+00:00,28.0,3.7,3.15,4.15,0.0,0.0,500.0,602.0,2.0937547656249995,True,REGULAR,USD,2025-10-17
PFE251017P00028500,2025-10-16 19:26:25+00:00,28.5,4.24,3.65,5.0,0.43999982,11.578942,24.0,168.0,1.3359408203124996,True,REGULAR,USD,2025-10-17
PFE251017P00029000,2025-10-15 13:34:42+00:00,29.0,4.6,4.35,4.9,0.0,0.0,38.0,0.0,1.75000125,True,REGULAR,USD,2025-10-17
PFE251017P00029500,2025-10-16 19:08:12+00:00,29.5,5.35,4.85,5.45,1.55,40.789474,7.0,10.0,2.031254921875,True,REGULAR,USD,2025-10-17
PFE251017P00030000,2025-10-07 19:32:16+00:00,30.0,5.85,5.4,6.0,2.07,54.761906,2.0,1.0,2.3007854980468747,True,REGULAR,USD,2025-10-17
PFE251017P00031000,2025-10-02 15:52:52+00:00,31.0,4.08,5.95,7.5,0.0,0.0,1.0,0.0,3.6640633398437505,True,REGULAR,USD,2025-10-17
PFE251017P00032000,2025-10-08 13:31:05+00:00,32.0,5.6,6.95,8.3,0.0,0.0,3.0,0.0,3.5234386914062497,True,REGULAR,USD,2025-10-17
PFE251017P00033000,2025-10-07 13:30:59+00:00,33.0,6.5,8.45,8.85,0.0,0.0,10.0,0.0,2.3828165429687496,True,REGULAR,USD,2025-10-17
PFE251017P00034000,2025-10-16 19:08:12+00:00,34.0,9.75,8.7,10.6,-0.35000038,-3.4653502,2.0,1.0,4.628910463867188,True,REGULAR,USD,2025-10-17
PFE251017P00035000,2025-10-16 19:08:12+00:00,35.0,10.35,9.75,11.3,1.8000002,21.052633,3.0,2.0,4.2187547265625,True,REGULAR,USD,2025-10-17
PFE251024P00015000,2025-10-15 13:52:28+00:00,15.0,0.01,0.0,0.02,0.0,0.0,20.0,32.0,1.2812535937499998,False,REGULAR,USD,2025-10-24
PFE251024P00019000,2025-10-10 14:56:29+00:00,19.0,0.01,,0.02,0.0,0.0,,5.0,0.7656273437500001,False,REGULAR,USD,2025-10-24
PFE251024P00019500,2025-09-12 19:39:33+00:00,19.5,0.03,0.0,0.02,0.0,0.0,,16.0,0.6250037500000001,False,REGULAR,USD,2025-10-24
PFE251024P00020000,2025-10-09 16:25:07+00:00,20.0,0.01,0.0,0.02,0.0,0.0,1.0,0.0,0.5625043750000001,False,REGULAR,USD,2025-10-24
PFE251024P00020500,2025-10-16 15:02:45+00:00,20.5,0.03,0.0,0.03,0.0,0.0,2.0,44.0,0.5312546875,False,REGULAR,USD,2025-10-24
PFE251024P00021000,2025-10-13 14:31:38+00:00,21.0,0.02,0.0,0.02,0.0,0.0,9.0,23.0,0.48438015625,False,REGULAR,USD,2025-10-24
PFE251024P00021500,2025-10-15 18:52:31+00:00,21.5,0.01,0.0,0.02,0.0,0.0,100.0,169.0,0.414068359375,False,REGULAR,USD,2025-10-24
PFE251024P00022000,2025-10-15 16:08:14+00:00,22.0,0.01,0.0,0.02,-0.03,-75.0,1.0,175.0,0.35156898437499995,False,REGULAR,USD,2025-10-24
PFE251024P00022500,2025-10-16 17:52:52+00:00,22.5,0.02,0.01,0.02,0.01,100.0,13.0,556.0,0.28125718749999995,False,REGULAR,USD,2025-10-24
PFE251024P00023000,2025-10-16 19:59:34+00:00,23.0,0.04,0.02,0.04,-0.010000002,-20.000002,355.0,809.0,0.2500075,False,REGULAR,USD,2025-10-24
PFE251024P00023500,2025-10-16 19:56:35+00:00,23.5,0.09,0.09,0.1,0.0,0.0,226.0,1149.0,0.23438265625,False,REGULAR,USD,2025-10-24
PFE251024P00024000,2025-10-16 19:59:00+00:00,24.0,0.24,0.19,0.24,0.019999996,9.090907,480.0,1711.0,0.22657023437499998,False,REGULAR,USD,2025-10-24
PFE251024P00024500,2025-10-16 19:51:13+00:00,24.5,0.51,0.49,0.52,0.060000002,13.333334,452.0,1203.0,0.242195078125,True,REGULAR,USD,2025-10-24
PFE251024P00025000,2025-10-16 19:35:08+00:00,25.0,0.89,0.77,0.91,0.120000005,15.584416,294.0,1335.0,0.2695385546875,True,REGULAR,USD,2025-10-24
PFE251024P00025500,2025-10-16 19:48:25+00:00,25.5,1.29,1.21,1.32,0.13999999,12.173912,71.0,746.0,0.257819921875,True,REGULAR,USD,2025-10-24
PFE251024P00026000,2025-10-16 18:40:56+00:00,26.0,1.75,1.59,1.83,-0.029999971,-1.6853917,55.0,659.0,0.3437565625,True,REGULAR,USD,2025-10-24
PFE251024P00026500,2025-10-16 17:29:08+00:00,26.5,2.16,2.15,2.32,0.09000015,4.3478336,16.0,518.0,0.39063109375,True,REGULAR,USD,2025-10-24
PFE251024P00027000,2025-10-16 17:47:17+00:00,27.0,2.6,2.39,2.81,0.00999999,0.38610002,11.0,246.0,0.42969320312500003,True,REGULAR,USD,2025-10-24
PFE251024P00027500,2025-10-13 14:37:54+00:00,27.5,2.77,3.2,3.9,0.0,0.0,15.0,268.0,0.81445498046875,True,REGULAR,USD,2025-10-24
PFE251024P00028000,2025-10-16 17:22:37+00:00,28.0,3.66,3.1,3.95,0.07000017,1.9498656,4.0,105.0,0.773439765625,True,REGULAR,USD,2025-10-24
PFE251024P00028500,2025-10-06 19:56:27+00:00,28.5,2.14,3.6,5.05,0.0,0.0,1.0,2.0,0.632816171875,True,REGULAR,USD,2025-10-24
PFE251024P00029000,2025-10-10 16:43:35+00:00,29.0,4.0,3.75,5.5,0.0,0.0,1.0,2.0,1.4453152734375,True,REGULAR,USD,2025-10-24
PFE251024P00029500,2025-10-14 14:39:54+00:00,29.5,4.74,5.0,5.35,0.0,0.0,3.0,3.0,0.7929708203125,True,REGULAR,USD,2025-10-24
PFE251024P00030000,2025-10-13 13:47:24+00:00,30.0,5.3,4.65,6.6,0.0,0.0,1.0,1.0,1.67578287109375,True,REGULAR,USD,2025-10-24
PFE251024P00032000,2025-10-06 17:40:35+00:00,32.0,5.2,7.4,8.0,0.0,0.0,,2.0,1.3066440917968747,True,REGULAR,USD,2025-10-24
PFE251024P00034000,2025-10-08 15:00:20+00:00,34.0,7.85,9.35,9.9,0.0,0.0,,,1.3281283593749997,True,REGULAR,USD,2025-10-24
PFE251024P00035000,2025-10-08 15:00:20+00:00,35.0,8.85,10.35,11.0,0.0,0.0,,,1.5976582617187498,True,REGULAR,USD,2025-10-24
PFE251031P00020000,2025-10-16 19:35:25+00:00,20.0,0.01,0.0,0.02,-0.04,-80.00001,5.0,121.0,0.4687553125,False,REGULAR,USD,2025-10-31
PFE251031P00020500,2025-09-12 19:23:37+00:00,20.5,0.09,0.0,0.03,0.0,0.0,,1.0,0.445318046875,False,REGULAR,USD,2025-10-31
PFE251031P00021000,2025-09-30 13:52:16+00:00,21.0,0.07,0.0,0.04,0.0,0.0,5.0,79.0,0.414068359375,False,REGULAR,USD,2025-10-31
PFE251031P00021500,2025-10-14 19:02:48+00:00,21.5,0.02,0.0,0.02,0.0,0.0,2.0,89.0,0.31250687499999996,False,REGULAR,USD,2025-10-31
PFE251031P00022000,2025-10-16 19:30:44+00:00,22.0,0.02,0.01,0.03,0.0,0.0,12.0,118.0,0.28516339843749994,False,REGULAR,USD,2025-10-31
PFE251031P00022500,2025-10-15 19:33:05+00:00,22.5,0.05,0.01,0.05,0.0,0.0,50.0,199.0,0.257819921875,False,REGULAR,USD,2025-10-31
PFE251031P00023000,2025-10-16 19:57:16+00:00,23.0,0.08,0.05,0.09,-0.010000005,-11.111116,36.0,617.0,0.23828886718749998,False,REGULAR,USD,2025-10-31
PFE251031P00023500,2025-10-16 19:38:19+00:00,23.5,0.17,0.17,0.19,0.010000005,6.2500033,83.0,1097.0,0.23438265625,False,REGULAR,USD,2025-10-31
PFE251031P00024000,2025-10-16 19:57:57+00:00,24.0,0.36,0.34,0.37,0.030000001,9.090909,1290.0,6079.0,0.23633576171874998,False,REGULAR,USD,2025-10-31
PFE251031P00024500,2025-10-16 19:35:08+00:00,24.5,0.64,0.61,0.64,0.060000002,10.344828,503.0,1392.0,0.242195078125,True,REGULAR,USD,2025-10-31
PFE251031P00025000,2025-10-16 19:49:24+00:00,25.0,0.95,0.84,1.04,0.07999998,9.1954,90.0,5784.0,0.27930408203124996,True,REGULAR,USD,2025-10-31
PFE251031P00025500,2025-10-16 19:39:20+00:00,25.5,1.36,1.32,1.48,0.110000014,8.800001,12.0,633.0,0.317389638671875,True,REGULAR,USD,2025-10-31
PFE251031P00026000,2025-10-16 17:48:43+00:00,26.0,1.7,1.75,1.97,-0.07999992,-4.4943776,13.0,12544.0,0.375982802734375,True,REGULAR,USD,2025-10-31
PFE251031P00026500,2025-10-15 19:58:36+00:00,26.5,2.14,2.22,2.37,0.0,0.0,1.0,249.0,0.35156898437499995,True,REGULAR,USD,2025-10-31
PFE251031P00027000,2025-10-15 19:38:51+00:00,27.0,2.75,2.53,2.94,0.1500001,5.7692347,1.0,475.0,0.467778759765625,True,REGULAR,USD,2025-10-31
PFE251031P00027500,2025-10-15 14:53:10+00:00,27.5,3.02,2.84,3.35,0.0,0.0,4.0,325.0,0.42578699218750005,True,REGULAR,USD,2025-10-31
PFE251031P00028000,2025-10-14 18:39:34+00:00,28.0,3.33,3.7,3.85,0.0,0.0,16.0,19.0,0.4687553125,True,REGULAR,USD,2025-10-31
PFE251031P00028500,2025-10-15 13:32:43+00:00,28.5,4.06,3.75,5.05,0.0,0.0,10.0,36.0,0.57617611328125,True,REGULAR,USD,2025-10-31
PFE251031P00029000,2025-10-16 15:45:11+00:00,29.0,4.6,4.0,5.45,0.19999981,4.54545,3.0,15.0,1.0517625537109376,True,REGULAR,USD,2025-10-31
PFE251031P00029500,2025-10-07 18:46:47+00:00,29.5,3.25,4.75,5.4,0.0,0.0,,,0.6621127539062501,True,REGULAR,USD,2025-10-31
PFE251031P00030000,2025-10-07 17:24:48+00:00,30.0,3.6,5.35,6.0,0.0,0.0,1.0,12.0,0.81445498046875,True,REGULAR,USD,2025-10-31
PFE251031P00031000,2025-10-01 18:58:38+00:00,31.0,3.81,6.35,6.9,0.0,0.0,,1.0,0.7812521875,True,REGULAR,USD,2025-10-31
PFE251031P00032000,2025-10-08 16:46:26+00:00,32.0,6.04,6.85,8.6,0.0,0.0,,,1.4580105224609374,True,REGULAR,USD,2025-10-31
PFE251107P00019500,2025-09-26 17:08:19+00:00,19.5,0.06,0.0,0.03,0.0,0.0,2.0,2.0,0.46094289062500005,False,REGULAR,USD,2025-11-07
PFE251107P00020000,2025-10-02 18:16:54+00:00,20.0,0.04,0.0,0.03,0.0,0.0,,10.0,0.414068359375,False,REGULAR,USD,2025-11-07
PFE251107P00020500,2025-10-01 16:06:49+00:00,20.5,0.07,0.0,0.05,0.0,0.0,,1.0,0.4101621484375,False,REGULAR,USD,2025-11-07
PFE251107P00021000,2025-10-16 19:07:16+00:00,21.0,0.05,0.03,0.07,0.020000001,66.66668,6.0,69.0,0.38867798828125,False,REGULAR,USD,2025-11-07
PFE251107P00021500,2025-10-15 18:02:38+00:00,21.5,0.05,0.0,0.08,-0.02,-28.571428,1.0,37.0,0.34961587890624996,False,REGULAR,USD,2025-11-07
PFE251107P00022000,2025-10-16 19:16:23+00:00,22.0,0.12,0.09,0.15,0.0,0.0,36.0,362.0,0.358404853515625,False,REGULAR,USD,2025-11-07
PFE251107P00022500,2025-10-16 18:42:41+00:00,22.5,0.21,0.19,0.21,0.029999986,16.666658,30.0,15482.0,0.33887379882812496,False,REGULAR,USD,2025-11-07
PFE251107P00023000,2025-10-16 19:59:42+00:00,23.0,0.33,0.32,0.34,0.030000001,10.0,41.0,398.0,0.34278000976562495,False,REGULAR,USD,2025-11-07
PFE251107P00023500,2025-10-16 19:45:50+00:00,23.5,0.51,0.5,0.53,0.060000002,13.333334,153.0,12112.0,0.35352208984374994,False,REGULAR,USD,2025-11-07
PFE251107P00024000,2025-10-16 19:56:56+00:00,24.0,0.77,0.75,0.79,0.060000002,8.450705,317.0,34975.0,0.37305314453125,False,REGULAR,USD,2025-11-07
PFE251107P00024500,2025-10-16 19:42:05+00:00,24.5,1.06,1.06,1.1,0.059999943,5.9999943,42.0,1174.0,0.393560751953125,True,REGULAR,USD,2025-11-07
PFE251107P00025000,2025-10-16 19:59:40+00:00,25.0,1.4,1.4,1.48,0.049999952,3.7037,163.0,5413.0,0.42676354492187507,True,REGULAR,USD,2025-11-07
PFE251107P00025500,2025-10-16 18:42:41+00:00,25.5,1.69,1.6,1.89,-0.029999971,-1.7441844,9.0,416.0,0.459966337890625,True,REGULAR,USD,2025-11-07
PFE251107P00026000,2025-10-16 18:42:41+00:00,26.0,2.24,2.16,2.37,0.03999996,1.8181801,38.0,885.0,0.516606396484375,True,REGULAR,USD,2025-11-07
PFE251107P00026500,2025-10-15 18:45:47+00:00,26.5,2.55,2.52,2.79,-0.06999993,-2.6717534,10.0,1129.0,0.5380905566406251,True,REGULAR,USD,2025-11-07
PFE251107P00027000,2025-10-16 17:13:39+00:00,27.0,3.15,2.49,3.35,0.21000004,7.1428585,3.0,138.0,0.624027197265625,True,REGULAR,USD,2025-11-07
PFE251107P00027500,2025-10-13 17:20:39+00:00,27.5,3.12,2.84,4.15,0.0,0.0,1.0,15.0,0.8242205078124999,True,REGULAR,USD,2025-11-07
PFE251107P00028000,2025-10-07 13:54:16+00:00,28.0,4.0,3.45,4.75,1.74,76.99115,4.0,313.0,0.586918193359375,True,REGULAR,USD,2025-11-07
PFE251107P00028500,2025-10-14 13:55:26+00:00,28.5,4.13,3.95,5.2,0.0,0.0,2.0,4.0,0.6152382226562501,True,REGULAR,USD,2025-11-07
PFE251107P00029000,2025-10-10 13:55:22+00:00,29.0,4.15,4.15,5.2,0.0,0.0,1.0,11.0,0.737307314453125,True,REGULAR,USD,2025-11-07
PFE251107P00030000,2025-10-14 14:50:47+00:00,30.0,5.64,5.4,6.2,0.0,0.0,1.0,56.0,0.8212908496093749,True,REGULAR,USD,2025-11-07
PFE251107P00034000,2025-10-03 14:04:16+00:00,34.0,6.83,8.9,11.35,0.0,0.0,2.0,2.0,1.05078599609375,True,REGULAR,USD,2025-11-07
PFE251107P00035000,2025-10-01 19:35:53+00:00,35.0,7.6,10.15,11.95,0.0,0.0,,1.0,1.0468797656250002,True,REGULAR,USD,2025-11-07
PFE251114P00018000,2025-10-16 14:03:53+00:00,18.0,0.04,,0.04,0.02,100.0,1.0,5.0,0.5546919531250001,False,REGULAR,USD,2025-11-14
PFE251114P00019000,2025-10-16 19:20:20+00:00,19.0,0.02,0.0,0.04,0.01,100.0,4.0,1.0,0.4687553125,False,REGULAR,USD,2025-11-14
PFE251114P00021000,2025-10-16 18:10:23+00:00,21.0,0.05,0.0,0.1,-0.02,-28.571428,4.0,17.0,0.3711000390625,False,REGULAR,USD,2025-11-14
PFE251114P00022000,2025-10-16 19:06:07+00:00,22.0,0.15,0.13,0.18,0.010000005,7.1428604,24.0,205.0,0.33301448242187504,False,REGULAR,USD,2025-11-14
PFE251114P00023000,2025-10-16 19:41:27+00:00,23.0,0.38,0.37,0.4,0.030000001,8.571428,40.0,601.0,0.327155166015625,False,REGULAR,USD,2025-11-14
PFE251114P00024000,2025-10-16 19:51:54+00:00,24.0,0.83,0.81,0.85,0.07999998,10.666664,171.0,10764.0,0.348639326171875,False,REGULAR,USD,2025-11-14
PFE251114P00025000,2025-10-16 19:39:04+00:00,25.0,1.45,1.34,1.55,0.04000008,2.8368852,19.0,669.0,0.39942006835937505,True,REGULAR,USD,2025-11-14
PFE251114P00026000,2025-10-16 19:20:20+00:00,26.0,2.18,2.22,2.42,-0.00999999,-0.45662054,6.0,201.0,0.4726615234375,True,REGULAR,USD,2025-11-14
PFE251114P00027000,2025-10-16 17:17:00+00:00,27.0,3.1,2.82,3.85,0.18999982,6.529203,6.0,193.0,0.5400436621093752,True,REGULAR,USD,2025-11-14
PFE251114P00028000,2025-10-15 13:34:56+00:00,28.0,3.95,3.05,4.85,0.0,0.0,2.0,13.0,0.850587431640625,True,REGULAR,USD,2025-11-14
PFE251114P00029000,2025-10-02 19:46:46+00:00,29.0,2.47,4.15,5.3,0.0,0.0,,5.0,0.6962920996093751,True,REGULAR,USD,2025-11-14
PFE251114P00037000,2025-10-06 13:39:07+00:00,37.0,10.3,11.1,14.95,0.0,0.0,,12.0,0.992187578125,True,REGULAR,USD,2025-11-14
PFE251121P00012000,2025-10-14 14:47:50+00:00,12.0,0.01,0.0,0.01,0.0,0.0,2.0,8501.0,0.8125018749999999,False,REGULAR,USD,2025-11-21
PFE251121P00013000,2025-04-21 17:33:59+00:00,13.0,0.14,0.0,0.58,0.0,0.0,,2.0,1.404299853515625,False,REGULAR,USD,2025-11-21
PFE251121P00014000,2025-09-02 17:13:25+00:00,14.0,0.01,0.0,0.02,0.0,0.0,10.0,60.0,0.70312796875,False,REGULAR,USD,2025-11-21
PFE251121P00015000,2025-10-07 19:42:38+00:00,15.0,0.01,0.0,0.03,0.0,0.0,10.0,4194.0,0.6562534375000001,False,REGULAR,USD,2025-11-21
PFE251121P00016000,2025-10-09 18:14:42+00:00,16.0,0.01,0.0,0.02,0.0,0.0,2.0,6478.0,0.5468795312500001,False,REGULAR,USD,2025-11-21
PFE251121P00017000,2025-10-01 15:18:58+00:00,17.0,0.01,0.0,0.03,0.0,0.0,2.0,747.0,0.500005,False,REGULAR,USD,2025-11-21
PFE251121P00018000,2025-10-15 15:43:52+00:00,18.0,0.03,0.01,0.04,0.0,0.0,22.0,10322.0,0.500005,False,REGULAR,USD,2025-11-21
PFE251121P00019000,2025-10-15 13:32:40+00:00,19.0,0.02,0.0,0.04,0.0,0.0,2.0,2345.0,0.42188078125,False,REGULAR,USD,2025-11-21
PFE251121P00020000,2025-10-16 19:43:44+00:00,20.0,0.04,0.03,0.05,0.01,33.333336,75.0,7845.0,0.36133451171875,False,REGULAR,USD,2025-11-21
PFE251121P00021000,2025-10-16 18:46:48+00:00,21.0,0.08,0.06,0.09,0.0,0.0,11.0,2579.0,0.32617861328125,False,REGULAR,USD,2025-11-21
PFE251121P00022000,2025-10-16 19:48:57+00:00,22.0,0.18,0.16,0.2,0.0,0.0,154.0,48080.0,0.31153032226562494,False,REGULAR,USD,2025-11-21
PFE251121P00023000,2025-10-16 19:43:44+00:00,23.0,0.45,0.43,0.44,0.049999982,12.499995,593.0,45680.0,0.309577216796875,False,REGULAR,USD,2025-11-21
PFE251121P00024000,2025-10-16 19:58:59+00:00,24.0,0.88,0.87,0.9,0.060000002,7.3170733,11112.0,17766.0,0.33008482421874996,False,REGULAR,USD,2025-11-21
PFE251121P00025000,2025-10-16 19:40:15+00:00,25.0,1.51,1.5,1.55,0.06999993,4.8611064,163.0,19457.0,0.35938140625,True,REGULAR,USD,2025-11-21
PFE251121P00026000,2025-10-16 18:37:22+00:00,26.0,2.31,2.25,2.38,0.109999895,4.999995,46.0,14211.0,0.411138701171875,True,REGULAR,USD,2025-11-21
PFE251121P00027000,2025-10-16 17:41:48+00:00,27.0,3.2,2.89,3.35,0.10000014,3.2258112,8.0,5168.0,0.49219257812500006,True,REGULAR,USD,2025-11-21
PFE251121P00028000,2025-10-15 17:25:15+00:00,28.0,3.93,3.5,4.6,-0.24000001,-5.7553954,1.0,650.0,0.6733431103515627,True,REGULAR,USD,2025-11-21
PFE251121P00029000,2025-10-16 19:26:25+00:00,29.0,5.14,4.4,5.8,1.0899997,26.913572,24.0,235.0,0.5312546875,True,REGULAR,USD,2025-11-21
PFE251121P00030000,2025-10-13 14:35:22+00:00,30.0,5.6,5.4,6.7,0.0,0.0,1.0,2178.0,0.5664105859375,True,REGULAR,USD,2025-11-21
PFE251121P00031000,2025-10-03 18:55:45+00:00,31.0,3.95,6.65,7.2,0.0,0.0,7.0,84.0,0.5361374511718751,True,REGULAR,USD,2025-11-21
PFE251121P00032000,2025-10-03 14:08:39+00:00,32.0,4.95,7.65,8.15,0.0,0.0,1.0,1589.0,0.5644574804687501,True,REGULAR,USD,2025-11-21
PFE251121P00035000,2025-10-08 19:40:28+00:00,35.0,9.6,10.65,11.6,0.0,0.0,15.0,239.0,0.87695435546875,True,REGULAR,USD,2025-11-21
PFE251121P00037000,2025-10-09 13:33:28+00:00,37.0,11.4,12.9,13.2,0.0,0.0,5.0,39.0,0.914063359375,True,REGULAR,USD,2025-11-21
PFE251121P00040000,2025-09-12 14:27:34+00:00,40.0,15.45,13.9,17.0,0.0,0.0,5.0,2.0,1.5556662841796873,True,REGULAR,USD,2025-11-21
PFE251121P00042000,2025-10-08 13:31:19+00:00,42.0,15.8,16.7,19.4,0.0,0.0,4.0,7.0,1.1044966650390626,True,REGULAR,USD,2025-11-21
PFE251121P00045000,2025-09-17 15:25:29+00:00,45.0,20.75,19.5,22.95,0.0,0.0,10.0,10.0,1.3418001660156247,True,REGULAR,USD,2025-11-21
PFE251128P00021000,2025-10-14 19:03:32+00:00,21.0,0.1,0.07,0.12,0.009999998,11.111108,4.0,92.0,0.32227240234374993,False,REGULAR,USD,2025-11-28
PFE251128P00022000,2025-10-16 13:38:30+00:00,22.0,0.21,0.16,0.24,0.0,0.0,2.0,46.0,0.304694453125,False,REGULAR,USD,2025-11-28
PFE251128P00023000,2025-10-16 18:41:48+00:00,23.0,0.45,0.38,0.5,0.00999999,2.272725,45.0,117.0,0.304694453125,False,REGULAR,USD,2025-11-28
PFE251128P00024000,2025-10-16 16:31:42+00:00,24.0,0.88,0.75,0.97,0.050000012,6.0240974,81.0,45.0,0.3237372314453124,False,REGULAR,USD,2025-11-28
PFE251128P00025000,2025-10-16 19:21:56+00:00,25.0,1.55,1.49,1.58,0.07999992,5.4421716,22.0,175.0,0.33887379882812496,True,REGULAR,USD,2025-11-28
PFE251128P00026000,2025-10-15 19:52:33+00:00,26.0,2.23,2.09,2.47,0.0,0.0,1.0,4.0,0.4062559375,True,REGULAR,USD,2025-11-28
PFE251128P00027000,2025-10-14 19:04:38+00:00,27.0,2.89,2.83,3.9,0.0,0.0,11.0,11.0,0.6357458300781251,True,REGULAR,USD,2025-11-28
PFE251128P00028000,2025-10-15 13:34:42+00:00,28.0,3.96,3.85,4.85,-0.099999905,-2.4630518,1.0,121.0,0.526371923828125,True,REGULAR,USD,2025-11-28
PFE251128P00030000,2025-10-10 19:42:32+00:00,30.0,5.65,5.9,6.25,0.0,0.0,,1.0,0.532231240234375,True,REGULAR,USD,2025-11-28
PFE251219P00012000,2025-10-01 13:50:57+00:00,12.0,0.02,0.0,0.01,0.0,0.0,4.0,1679.0,0.6250037500000001,False,REGULAR,USD,2025-12-19
PFE251219P00013000,2025-07-15 19:53:15+00:00,13.0,0.05,0.0,0.03,0.0,0.0,1.0,2.0,0.6250037500000001,False,REGULAR,USD,2025-12-19
PFE251219P00014000,2025-10-02 14:19:32+00:00,14.0,0.02,0.0,0.04,0.0,0.0,2.0,32.0,0.585941640625,False,REGULAR,USD,2025-12-19
PFE251219P00015000,2025-10-10 15:00:12+00:00,15.0,0.01,0.0,0.07,0.0,0.0,6.0,2814.0,0.5585981640625001,False,REGULAR,USD,2025-12-19
PFE251219P00016000,2025-10-13 16:29:05+00:00,16.0,0.01,0.0,0.02,0.0,0.0,4.0,296.0,0.45313046875,False,REGULAR,USD,2025-12-19
PFE251219P00017500,2025-10-13 18:32:51+00:00,17.5,0.03,0.0,0.03,0.0,0.0,8.0,7114.0,0.39063109375,False,REGULAR,USD,2025-12-19
PFE251219P00019000,2025-10-16 19:04:51+00:00,19.0,0.05,0.01,0.09,-0.02,-28.571428,6.0,1788.0,0.37305314453125,False,REGULAR,USD,2025-12-19
PFE251219P00020000,2025-10-16 14:13:45+00:00,20.0,0.11,0.08,0.15,0.019999996,22.222216,12.0,19517.0,0.35156898437499995,False,REGULAR,USD,2025-12-19
PFE251219P00021000,2025-10-16 18:27:58+00:00,21.0,0.16,0.14,0.25,-0.010000005,-5.8823557,143.0,4859.0,0.331061376953125,False,REGULAR,USD,2025-12-19
PFE251219P00022500,2025-10-16 19:57:58+00:00,22.5,0.45,0.43,0.47,0.00999999,2.272725,197.0,22483.0,0.2876047802734374,False,REGULAR,USD,2025-12-19
PFE251219P00024000,2025-10-16 19:21:34+00:00,24.0,1.07,1.06,1.1,0.09000003,9.183677,217.0,13376.0,0.29883513671874995,False,REGULAR,USD,2025-12-19
PFE251219P00025000,2025-10-16 19:58:35+00:00,25.0,1.65,1.66,1.71,0.049999952,3.124997,188.0,20152.0,0.3110420458984374,True,REGULAR,USD,2025-12-19
PFE251219P00026000,2025-10-16 19:30:17+00:00,26.0,2.41,2.33,2.52,0.08000016,3.4334834,26.0,5101.0,0.34766277343749996,True,REGULAR,USD,2025-12-19
PFE251219P00027500,2025-10-16 18:39:39+00:00,27.5,3.64,3.2,4.35,-0.06999993,-1.8867906,7.0,8917.0,0.5449264257812501,True,REGULAR,USD,2025-12-19
PFE251219P00029000,2025-10-15 17:18:04+00:00,29.0,5.12,4.95,5.25,0.0,0.0,1.0,253.0,0.45606012695312503,True,REGULAR,USD,2025-12-19
PFE251219P00030000,2025-10-15 14:49:58+00:00,30.0,5.95,5.35,6.9,0.0,0.0,3.0,7294.0,0.7124052197265626,True,REGULAR,USD,2025-12-19
PFE251219P00031000,2025-10-09 18:46:59+00:00,31.0,6.1,6.9,7.2,0.0,0.0,2.0,59.0,0.5351608984375,True,REGULAR,USD,2025-12-19
PFE251219P00032500,2025-10-14 14:56:43+00:00,32.5,8.17,8.2,9.35,0.0,0.0,5.0,6926.0,0.6303747900390625,True,REGULAR,USD,2025-12-19
PFE251219P00035000,2025-10-15 15:50:57+00:00,35.0,10.95,11.05,11.15,0.0,0.0,1.0,1038.0,0.649417568359375,True,REGULAR,USD,2025-12-19
PFE251219P00037500,2025-10-08 18:36:06+00:00,37.5,11.95,12.35,14.4,0.0,0.0,15.0,50.0,0.57617611328125,True,REGULAR,USD,2025-12-19
PFE251219P00040000,2025-10-06 13:52:29+00:00,40.0,13.15,14.9,16.8,0.0,0.0,13.0,85.0,0.6132851171875001,True,REGULAR,USD,2025-12-19
PFE251219P00042500,2025-10-06 14:00:43+00:00,42.5,15.65,17.35,19.75,0.0,0.0,1.0,35.0,0.8466812207031249,True,REGULAR,USD,2025-12-19
PFE251219P00045000,2025-10-01 19:33:36+00:00,45.0,17.8,20.05,22.35,0.0,0.0,5.0,12.0,0.999023447265625,True,REGULAR,USD,2025-12-19
PFE251219P00047500,2025-09-17 18:45:16+00:00,47.5,23.5,22.25,23.75,0.0,0.0,1.0,4.0,1.0859420703125,True,REGULAR,USD,2025-12-19
PFE251219P00050000,2025-09-30 16:26:51+00:00,50.0,25.18,24.9,26.9,0.0,0.0,3.0,13.0,0.8886729882812499,True,REGULAR,USD,2025-12-19
PFE251219P00055000,2025-09-17 18:21:49+00:00,55.0,30.9,29.15,31.8,0.0,0.0,2.0,2.0,1.5014673364257813,True,REGULAR,USD,2025-12-19
PFE251219P00060000,2024-09-16 17:20:27+00:00,60.0,29.97,29.1,31.7,0.0,0.0,1.0,0.0,1.0000000000000003e-05,True,REGULAR,USD,2025-12-19
PFE260116P00013000,2025-10-16 17:02:22+00:00,13.0,0.01,0.0,0.02,0.0,0.0,1.0,3695.0,0.500005,False,REGULAR,USD,2026-01-16
PFE260116P00015000,2025-10-09 14:57:36+00:00,15.0,0.02,0.01,0.03,0.0,0.0,30.0,3646.0,0.45703667968750006,False,REGULAR,USD,2026-01-16
PFE260116P00016000,2025-10-13 15:39:15+00:00,16.0,0.03,0.02,0.04,0.0,0.0,2.0,146.0,0.42188078125,False,REGULAR,USD,2026-01-16
PFE260116P00017500,2025-10-16 17:55:59+00:00,17.5,0.05,0.02,0.05,0.010000002,25.000004,40.0,6329.0,0.35547519531249994,False,REGULAR,USD,2026-01-16
PFE260116P00019000,2025-10-16 14:26:01+00:00,19.0,0.09,0.08,0.11,-0.029999994,-24.999994,10.0,7032.0,0.327155166015625,False,REGULAR,USD,2026-01-16
PFE260116P00020000,2025-10-16 18:15:52+00:00,20.0,0.14,0.08,0.18,0.0,0.0,5.0,33161.0,0.3086006640625,False,REGULAR,USD,2026-01-16
PFE260116P00021000,2025-10-16 14:27:04+00:00,21.0,0.25,0.25,0.27,0.010000005,4.166669,25.0,13464.0,0.2841868457031249,False,REGULAR,USD,2026-01-16
PFE260116P00022500,2025-10-16 19:57:57+00:00,22.5,0.61,0.59,0.62,0.060000002,10.909091,238.0,57799.0,0.278327529296875,False,REGULAR,USD,2026-01-16
PFE260116P00024000,2025-10-16 19:57:38+00:00,24.0,1.23,1.22,1.25,0.060000062,5.1282105,2587.0,11623.0,0.28076891113281244,False,REGULAR,USD,2026-01-16
PFE260116P00025000,2025-10-16 17:27:31+00:00,25.0,1.75,1.82,1.85,0.00999999,0.5747121,220.0,56352.0,0.2893137475585937,True,REGULAR,USD,2026-01-16
PFE260116P00026000,2025-10-16 18:37:08+00:00,26.0,2.5,2.26,2.73,-0.01999998,-0.79365003,2.0,5292.0,0.336920693359375,True,REGULAR,USD,2026-01-16
PFE260116P00027500,2025-10-15 19:11:16+00:00,27.5,3.65,3.3,4.4,0.0,0.0,164.0,26603.0,0.46680220703125,True,REGULAR,USD,2026-01-16
PFE260116P00029000,2025-10-15 17:25:15+00:00,29.0,5.0,4.5,5.3,-0.19000006,-3.6608875,3.0,306.0,0.39551385742187506,True,REGULAR,USD,2026-01-16
PFE260116P00030000,2025-10-16 17:13:23+00:00,30.0,6.0,5.4,6.25,0.0,0.0,1.0,29317.0,0.42383388671875,True,REGULAR,USD,2026-01-16
PFE260116P00031000,2025-10-03 14:04:39+00:00,31.0,4.18,6.9,7.35,0.0,0.0,1.0,23.0,0.49414568359375005,True,REGULAR,USD,2026-01-16
PFE260116P00032500,2025-10-14 15:30:57+00:00,32.5,8.25,8.15,9.35,0.0,0.0,10.0,5610.0,0.5185595019531251,True,REGULAR,USD,2026-01-16
PFE260116P00035000,2025-10-10 18:20:23+00:00,35.0,10.45,10.9,11.65,0.0,0.0,9.0,1250.0,0.6103554589843752,True,REGULAR,USD,2026-01-16
PFE260116P00037500,2025-10-09 13:31:32+00:00,37.5,11.95,12.3,14.85,0.0,0.0,1.0,18.0,0.6015664843750002,True,REGULAR,USD,2026-01-16
PFE260116P00040000,2025-10-16 17:13:23+00:00,40.0,15.87,14.9,16.8,-0.03999996,-0.25141397,1.0,367.0,0.5136767382812499,True,REGULAR,USD,2026-01-16
PFE260116P00042500,2025-10-03 19:16:25+00:00,42.5,15.15,17.35,19.75,0.0,0.0,1.0,4.0,0.708010732421875,True,REGULAR,USD,2026-01-16
PFE260116P00045000,2025-09-17 18:53:22+00:00,45.0,21.1,19.95,22.15,0.0,0.0,2.0,4.0,0.7597680273437502,True,REGULAR,USD,2026-01-16
PFE260116P00047500,2025-10-02 14:13:03+00:00,47.5,20.85,22.15,24.9,0.0,0.0,13.0,22.0,0.7929708203125,True,REGULAR,USD,2026-01-16
PFE260116P00050000,2025-10-14 16:20:20+00:00,50.0,25.76,24.75,27.1,0.0,0.0,15.0,16.0,0.7656273437500001,True,REGULAR,USD,2026-01-16
PFE260220P00016000,2025-10-09 18:14:42+00:00,16.0,0.04,0.0,0.15,0.0,0.0,,2.0,0.46094289062500005,False,REGULAR,USD,2026-02-20
PFE260220P00019000,2025-10-15 18:46:28+00:00,19.0,0.18,0.13,0.26,0.0,0.0,36.0,116.0,0.348639326171875,False,REGULAR,USD,2026-02-20
PFE260220P00020000,2025-10-15 16:45:45+00:00,20.0,0.32,0.28,0.34,0.0,0.0,20.0,44.0,0.32031929687499994,False,REGULAR,USD,2026-02-20
PFE260220P00021000,2025-10-16 19:19:41+00:00,21.0,0.49,0.47,0.52,0.02000001,4.255321,55.0,2726.0,0.31153032226562494,False,REGULAR,USD,2026-02-20
PFE260220P00022000,2025-10-16 19:22:08+00:00,22.0,0.76,0.74,0.79,0.050000012,7.042255,105.0,194.0,0.30713583496093744,False,REGULAR,USD,2026-02-20
PFE260220P00023000,2025-10-16 19:58:30+00:00,23.0,1.13,1.12,1.19,0.059999943,5.607471,163.0,607.0,0.3117744604492187,False,REGULAR,USD,2026-02-20
PFE260220P00024000,2025-10-15 19:31:35+00:00,24.0,1.56,1.62,1.66,0.029999971,1.9607825,15.0,8747.0,0.31153032226562494,False,REGULAR,USD,2026-02-20
PFE260220P00025000,2025-10-15 19:40:59+00:00,25.0,2.16,2.22,2.28,0.0,0.0,6.0,1705.0,0.32227240234374993,True,REGULAR,USD,2026-02-20
PFE260220P00026000,2025-10-14 19:49:07+00:00,26.0,2.77,2.74,3.05,0.0,0.0,6.0,117.0,0.3452213916015625,True,REGULAR,USD,2026-02-20
PFE260220P00027000,2025-10-16 19:24:52+00:00,27.0,3.7,3.65,3.9,0.10000014,2.7777817,80.0,83.0,0.37280900634765624,True,REGULAR,USD,2026-02-20
PFE260220P00028000,2025-10-10 13:58:20+00:00,28.0,3.87,4.05,5.05,0.0,0.0,,2.0,0.4506890869140625,True,REGULAR,USD,2026-02-20
PFE260320P00013000,2025-10-09 17:18:53+00:00,13.0,0.03,0.02,0.04,0.0,0.0,3.0,1381.0,0.46484910156250003,False,REGULAR,USD,2026-03-20
PFE260320P00014000,2025-10-13 16:17:10+00:00,14.0,0.04,0.01,0.08,0.0,0.0,6.0,21.0,0.46680220703125,False,REGULAR,USD,2026-03-20
PFE260320P00015000,2025-10-16 14:39:37+00:00,15.0,0.05,0.01,0.12,-0.009999998,-16.666662,10.0,17207.0,0.44922425781249997,False,REGULAR,USD,2026-03-20
PFE260320P00016000,2025-08-04 16:38:22+00:00,16.0,0.14,0.0,0.32,0.0,0.0,,1.0,0.5048877636718749,False,REGULAR,USD,2026-03-20
PFE260320P00017000,2025-10-16 15:16:53+00:00,17.0,0.12,0.04,0.17,0.04,50.0,1.0,129.0,0.37793590820312495,False,REGULAR,USD,2026-03-20
PFE260320P00018000,2025-10-15 18:05:03+00:00,18.0,0.14,0.14,0.2,0.0,0.0,5.0,12180.0,0.34278000976562495,False,REGULAR,USD,2026-03-20
PFE260320P00019000,2025-10-15 18:05:03+00:00,19.0,0.28,0.18,0.34,0.0,0.0,5.0,5406.0,0.34326828613281246,False,REGULAR,USD,2026-03-20
PFE260320P00020000,2025-10-15 18:36:52+00:00,20.0,0.38,0.39,0.44,0.0,0.0,27.0,9841.0,0.31836619140624994,False,REGULAR,USD,2026-03-20
PFE260320P00021000,2025-10-16 18:21:00+00:00,21.0,0.57,0.59,0.7,0.0,0.0,146.0,1731.0,0.3220282641601562,False,REGULAR,USD,2026-03-20
PFE260320P00022000,2025-10-16 18:34:21+00:00,22.0,0.88,0.88,0.9,0.029999971,3.5294082,954.0,15994.0,0.29932341308593746,False,REGULAR,USD,2026-03-20
PFE260320P00023000,2025-10-16 18:30:46+00:00,23.0,1.25,1.12,1.4,0.07000005,5.932208,30.0,21573.0,0.3178779150390625,False,REGULAR,USD,2026-03-20
PFE260320P00024000,2025-10-16 18:00:48+00:00,24.0,1.72,1.64,1.89,0.0,0.0,16.0,9829.0,0.31909860595703116,False,REGULAR,USD,2026-03-20
PFE260320P00025000,2025-10-16 17:35:00+00:00,25.0,2.3,2.14,2.47,0.059999943,2.6785688,20.0,12269.0,0.3217841259765625,True,REGULAR,USD,2026-03-20
PFE260320P00026000,2025-10-15 18:41:55+00:00,26.0,2.95,2.88,3.15,0.0,0.0,35.0,2768.0,0.32910827148437494,True,REGULAR,USD,2026-03-20
PFE260320P00027000,2025-10-16 19:07:47+00:00,27.0,3.7,3.75,4.05,0.1500001,4.2253547,9.0,7483.0,0.36304347900390627,True,REGULAR,USD,2026-03-20
PFE260320P00028000,2025-10-15 15:41:05+00:00,28.0,4.5,4.4,4.85,0.0,0.0,5.0,582.0,0.37329728271484375,True,REGULAR,USD,2026-03-20
PFE260320P00029000,2025-10-16 18:41:43+00:00,29.0,5.48,5.4,6.2,0.3800001,7.4509826,1.0,14.0,0.47559118164062497,True,REGULAR,USD,2026-03-20
PFE260320P00030000,2025-10-15 17:01:51+00:00,30.0,6.3,6.15,7.15,0.0,0.0,2.0,1637.0,0.5053760400390624,True,REGULAR,USD,2026-03-20
PFE260320P00031000,2025-10-07 13:35:41+00:00,31.0,5.6,6.65,7.5,0.0,0.0,2.0,76.0,0.415044912109375,True,REGULAR,USD,2026-03-20
PFE260320P00032000,2025-10-03 17:55:51+00:00,32.0,5.42,7.1,9.1,0.0,0.0,8.0,89.0,0.5654340332031251,True,REGULAR,USD,2026-03-20
PFE260320P00033000,2025-09-23 19:38:32+00:00,33.0,9.3,8.15,10.1,0.0,0.0,77.0,78.0,0.5969278588867188,True,REGULAR,USD,2026-03-20
PFE260320P00035000,2025-10-01 17:45:26+00:00,35.0,8.18,10.9,11.4,0.0,0.0,17.0,53.0,0.5039112109375,True,REGULAR,USD,2026-03-20
PFE260320P00036000,2025-07-07 17:52:10+00:00,36.0,11.01,12.5,12.6,0.0,0.0,,2.0,0.5649457568359376,True,REGULAR,USD,2026-03-20
PFE260320P00037000,2025-04-10 13:32:05+00:00,37.0,15.1,14.65,15.15,0.0,0.0,1.0,0.0,0.8571791625976561,True,REGULAR,USD,2026-03-20
PFE260320P00040000,2025-10-03 17:45:23+00:00,40.0,12.8,15.65,16.2,0.0,0.0,165.0,169.0,0.5566450585937501,True,REGULAR,USD,2026-03-20
PFE260417P00018000,2025-10-16 14:32:24+00:00,18.0,0.19,0.16,0.22,0.0,0.0,14.0,2.0,0.3232489550781249,False,REGULAR,USD,2026-04-17
PFE260417P00019000,2025-10-16 18:13:49+00:00,19.0,0.29,0.22,0.39,0.00999999,3.5714252,3374.0,2.0,0.3305731005859375,False,REGULAR,USD,2026-04-17
PFE260417P00021000,2025-10-16 18:31:27+00:00,21.0,0.7,0.6,0.72,0.029999971,4.4776077,498.0,542.0,0.30054410400390624,False,REGULAR,USD,2026-04-17
PFE260417P00022000,2025-10-16 17:46:56+00:00,22.0,0.99,0.89,1.07,0.04000002,4.2105284,1.0,126.0,0.304694453125,False,REGULAR,USD,2026-04-17
PFE260417P00023000,2025-10-14 15:54:57+00:00,23.0,1.22,1.23,1.5,0.0,0.0,28.0,35.0,0.30811238769531246,False,REGULAR,USD,2026-04-17
PFE260417P00024000,2025-10-16 16:44:34+00:00,24.0,1.87,1.72,1.96,0.120000005,6.857143,40.0,920.0,0.3042061767578125,False,REGULAR,USD,2026-04-17
PFE260417P00025000,2025-10-15 18:40:39+00:00,25.0,2.35,2.26,2.6,0.0,0.0,556.0,592.0,0.3154365332031249,True,REGULAR,USD,2026-04-17
PFE260417P00026000,2025-10-10 16:26:12+00:00,26.0,2.69,2.87,3.2,0.0,0.0,,127.0,0.31055376953124997,True,REGULAR,USD,2026-04-17
PFE260417P00027000,2025-10-14 14:09:53+00:00,27.0,3.65,3.65,4.1,0.0,0.0,3.0,13.0,0.34204759521484374,True,REGULAR,USD,2026-04-17
PFE260618P00013000,2025-10-16 14:47:49+00:00,13.0,0.07,0.03,0.08,0.02,40.0,10.0,735.0,0.41602146484374997,False,REGULAR,USD,2026-06-18
PFE260618P00015000,2025-10-16 14:37:07+00:00,15.0,0.13,0.09,0.2,0.009999998,8.333331,16.0,5029.0,0.40039662109375,False,REGULAR,USD,2026-06-18
PFE260618P00018000,2025-10-16 19:39:12+00:00,18.0,0.36,0.3,0.37,0.030000001,9.090909,10.0,6133.0,0.32520206054687495,False,REGULAR,USD,2026-06-18
PFE260618P00020000,2025-10-16 19:32:08+00:00,20.0,0.7,0.62,0.76,0.01999998,2.9411736,36.0,25038.0,0.31641308593749995,False,REGULAR,USD,2026-06-18
PFE260618P00023000,2025-10-16 15:44:38+00:00,23.0,1.65,1.57,1.9,-0.029999971,-1.7857126,237.0,34506.0,0.3200751586914062,False,REGULAR,USD,2026-06-18
PFE260618P00025000,2025-10-16 15:16:53+00:00,25.0,2.86,2.64,2.97,0.029999971,1.0600697,4.0,16539.0,0.3193427441406249,True,REGULAR,USD,2026-06-18
PFE260618P00027000,2025-10-15 17:15:57+00:00,27.0,4.25,4.05,4.85,0.0,0.0,5.0,10939.0,0.39331661376953125,True,REGULAR,USD,2026-06-18
PFE260618P00030000,2025-10-15 15:34:57+00:00,30.0,6.58,6.15,7.55,0.0,0.0,1.0,3673.0,0.4577690942382813,True,REGULAR,USD,2026-06-18
PFE260618P00032000,2025-10-09 17:02:10+00:00,32.0,7.45,7.65,8.8,0.0,0.0,5.0,7691.0,0.40454697021484376,True,REGULAR,USD,2026-06-18
PFE260618P00035000,2025-10-09 15:23:24+00:00,35.0,10.25,10.4,12.0,0.0,0.0,1.0,367.0,0.5061084545898438,True,REGULAR,USD,2026-06-18
PFE260618P00037000,2025-08-05 14:15:28+00:00,37.0,12.56,13.45,13.65,0.0,0.0,1.0,171.0,0.4875539526367188,True,REGULAR,USD,2026-06-18
PFE260618P00040000,2025-10-14 14:59:24+00:00,40.0,15.4,14.45,17.75,0.0,0.0,4.0,10.0,0.72070591796875,True,REGULAR,USD,2026-06-18
PFE260618P00042000,2025-10-07 14:26:46+00:00,42.0,16.02,17.95,18.95,0.0,0.0,1.0,1.0,0.5327195166015625,True,REGULAR,USD,2026-06-18
PFE260618P00045000,2025-01-27 15:30:43+00:00,45.0,18.3,18.0,19.1,0.0,0.0,54.0,0.0,1.0000000000000003e-05,True,REGULAR,USD,2026-06-18
PFE260918P00013000,2025-10-16 15:04:59+00:00,13.0,0.12,0.06,0.15,0.009999998,9.090907,24.0,2187.0,0.40039662109375,False,REGULAR,USD,2026-09-18
PFE260918P00015000,2025-10-16 14:44:45+00:00,15.0,0.19,0.12,0.29,-0.060000002,-24.0,25.0,528.0,0.3745179736328125,False,REGULAR,USD,2026-09-18
PFE260918P00018000,2025-10-15 13:50:07+00:00,18.0,0.51,0.38,0.58,0.0,0.0,156.0,3206.0,0.32227240234374993,False,REGULAR,USD,2026-09-18
PFE260918P00020000,2025-10-16 15:45:43+00:00,20.0,0.99,0.61,1.11,0.09000003,10.000005,146.0,4217.0,0.32227240234374993,False,REGULAR,USD,2026-09-18
PFE260918P00022000,2025-10-16 16:44:41+00:00,22.0,1.68,1.24,1.78,0.00999999,0.59880185,2.0,16268.0,0.3117744604492187,False,REGULAR,USD,2026-09-18
PFE260918P00025000,2025-10-16 18:05:37+00:00,25.0,3.2,2.98,3.35,0.049999952,1.5873001,300.0,16445.0,0.313483427734375,True,REGULAR,USD,2026-09-18
PFE260918P00027000,2025-10-10 18:44:23+00:00,27.0,4.28,2.95,6.6,0.0,0.0,11.0,2828.0,0.524418818359375,True,REGULAR,USD,2026-09-18
PFE260918P00030000,2025-10-15 14:17:32+00:00,30.0,6.8,5.25,7.95,0.0,0.0,40.0,145.0,0.43604079589843747,True,REGULAR,USD,2026-09-18
PFE260918P00032000,2025-10-08 14:47:21+00:00,32.0,7.07,6.9,8.9,0.0,0.0,1.0,91.0,0.35864899169921877,True,REGULAR,USD,2026-09-18
PFE260918P00035000,2025-10-14 16:44:46+00:00,35.0,11.0,10.65,11.8,0.0,0.0,50.0,81.0,0.40405869384765625,True,REGULAR,USD,2026-09-18
PFE261218P00013000,2025-10-10 16:53:19+00:00,13.0,0.19,0.12,0.21,0.0,0.0,20.0,592.0,0.38184211914062494,False,REGULAR,USD,2026-12-18
PFE261218P00015000,2025-10-16 19:09:06+00:00,15.0,0.35,0.25,0.4,0.03999999,12.903223,3.0,14191.0,0.3632876171875,False,REGULAR,USD,2026-12-18
PFE261218P00018000,2025-10-16 19:35:54+00:00,18.0,0.74,0.69,0.78,-0.060000002,-7.5,38.0,7334.0,0.3200751586914062,False,REGULAR,USD,2026-12-18
PFE261218P00020000,2025-10-16 19:13:10+00:00,20.0,1.3,1.05,1.34,0.06999993,5.6910515,153.0,10206.0,0.3154365332031249,False,REGULAR,USD,2026-12-18
PFE261218P00023000,2025-10-16 19:08:22+00:00,23.0,2.5,2.06,2.59,0.049999952,2.0408144,9.0,8736.0,0.3117744604492187,False,REGULAR,USD,2026-12-18
PFE261218P00025000,2025-10-16 19:24:44+00:00,25.0,3.5,2.9,3.85,-0.109999895,-3.0470886,10.0,14610.0,0.32605654418945307,True,REGULAR,USD,2026-12-18
PFE261218P00027000,2025-10-14 16:44:07+00:00,27.0,4.72,2.7,5.7,0.0,0.0,5.0,5913.0,0.37964487548828124,True,REGULAR,USD,2026-12-18
PFE261218P00030000,2025-10-16 15:59:39+00:00,30.0,7.23,6.7,7.4,0.26000023,3.730276,8.0,4414.0,0.33130551513671874,True,REGULAR,USD,2026-12-18
PFE261218P00032000,2025-10-16 16:06:29+00:00,32.0,8.9,8.4,10.05,0.019999504,0.22521964,5.0,395.0,0.4415339050292969,True,REGULAR,USD,2026-12-18
PFE261218P00035000,2025-10-10 18:23:56+00:00,35.0,11.0,10.15,12.5,0.0,0.0,1.0,2029.0,0.44067942138671873,True,REGULAR,USD,2026-12-18
PFE261218P00037000,2025-10-09 16:28:28+00:00,37.0,12.45,12.15,14.25,0.0,0.0,18.0,65.0,0.44482977050781247,True,REGULAR,USD,2026-12-18
PFE261218P00040000,2025-09-24 13:58:59+00:00,40.0,16.22,14.15,18.5,0.0,0.0,52.0,53.0,0.6259803027343751,True,REGULAR,USD,2026-12-18
PFE261218P00042000,2025-05-12 19:08:56+00:00,42.0,18.99,16.55,18.0,0.0,0.0,38.0,3750.0,0.31250687499999996,True,REGULAR,USD,2026-12-18
PFE261218P00045000,2025-10-10 16:51:59+00:00,45.0,20.33,18.95,23.0,0.0,0.0,1.0,25.0,0.6384313500976562,True,REGULAR,USD,2026-12-18
PFE270115P00013000,2025-10-15 15:21:29+00:00,13.0,0.21,0.16,0.21,0.019999996,10.526314,1.0,554.0,0.370123486328125,False,REGULAR,USD,2027-01-15
PFE270115P00015000,2025-10-15 19:43:21+00:00,15.0,0.32,0.27,0.41,-0.030000001,-8.571428,1.0,17213.0,0.3544986425781249,False,REGULAR,USD,2027-01-15
PFE270115P00018000,2025-10-15 17:15:22+00:00,18.0,0.8,0.71,0.81,0.0,0.0,4.0,14709.0,0.3149482568359374,False,REGULAR,USD,2027-01-15
PFE270115P00020000,2025-10-16 18:15:09+00:00,20.0,1.3,1.1,1.38,0.049999952,3.9999962,5.0,54953.0,0.3103096313476562,False,REGULAR,USD,2027-01-15
PFE270115P00023000,2025-10-16 19:58:02+00:00,23.0,2.55,2.33,2.68,0.119999886,4.9382668,228.0,28695.0,0.3107979077148437,False,REGULAR,USD,2027-01-15
PFE270115P00025000,2025-10-16 17:37:59+00:00,25.0,3.64,3.05,3.85,-0.00999999,-0.27397233,7.0,29797.0,0.31592480957031244,True,REGULAR,USD,2027-01-15
PFE270115P00027000,2025-10-16 17:57:53+00:00,27.0,4.99,4.9,5.3,0.13999987,2.8865952,6.0,21192.0,0.3306951696777344,True,REGULAR,USD,2027-01-15
PFE270115P00030000,2025-10-16 18:38:31+00:00,30.0,7.25,6.8,7.5,-0.05000019,-0.6849341,15.0,4884.0,0.331061376953125,True,REGULAR,USD,2027-01-15
PFE270115P00032000,2025-10-16 13:44:31+00:00,32.0,8.8,8.75,9.15,-0.14999962,-1.6759734,2.0,5877.0,0.335944140625,True,REGULAR,USD,2027-01-15
PFE270115P00035000,2025-10-14 19:52:08+00:00,35.0,11.25,9.6,13.3,-0.10000038,-0.8810606,35.0,3807.0,0.5085498364257812,True,REGULAR,USD,2027-01-15
PFE270115P00037000,2025-09-30 18:12:06+00:00,37.0,12.5,12.4,15.5,0.0,0.0,4.0,5948.0,0.561527822265625,True,REGULAR,USD,2027-01-15
PFE270115P00040000,2025-10-16 19:53:33+00:00,40.0,16.25,15.65,17.45,0.5500002,3.503186,1.0,120.0,0.4958546508789063,True,REGULAR,USD,2027-01-15
PFE270115P00042000,2025-10-16 19:55:31+00:00,42.0,18.15,16.7,18.4,0.6000004,3.4188058,1.0,21.0,0.3830628100585937,True,REGULAR,USD,2027-01-15
PFE271217P00013000,2025-10-15 17:34:38+00:00,13.0,0.55,0.29,0.94,0.0,0.0,35.0,3834.0,0.43018147949218755,False,REGULAR,USD,2027-12-17
PFE271217P00015000,2025-10-10 18:32:49+00:00,15.0,0.87,0.29,0.99,0.0,0.0,20.0,3656.0,0.36035795898437495,False,REGULAR,USD,2027-12-17
PFE271217P00018000,2025-10-16 13:43:29+00:00,18.0,1.55,0.84,1.68,-0.07000005,-4.320991,6.0,11548.0,0.3325262060546875,False,REGULAR,USD,2027-12-17
PFE271217P00020000,2025-10-15 17:22:30+00:00,20.0,2.21,2.11,2.35,-0.13999987,-5.9574413,2.0,6656.0,0.32129584960937496,False,REGULAR,USD,2027-12-17
PFE271217P00022000,2025-10-16 18:26:43+00:00,22.0,3.26,2.9,3.4,0.059999943,1.8749982,35.0,7064.0,0.32923034057617184,False,REGULAR,USD,2027-12-17
PFE271217P00025000,2025-10-15 19:15:26+00:00,25.0,4.8,4.65,5.0,0.0,0.0,31.0,7317.0,0.32141791870117187,True,REGULAR,USD,2027-12-17
PFE271217P00027000,2025-10-16 17:37:07+00:00,27.0,6.03,4.6,6.7,0.03000021,0.5000035,3.0,1538.0,0.3494938098144531,True,REGULAR,USD,2027-12-17
PFE271217P00030000,2025-10-09 18:31:52+00:00,30.0,7.57,6.4,8.8,0.0,0.0,2.0,536.0,0.3461979443359374,True,REGULAR,USD,2027-12-17
PFE271217P00032000,2025-10-16 16:20:47+00:00,32.0,9.82,8.9,10.95,0.069999695,0.7179456,5.0,274.0,0.39038695556640624,True,REGULAR,USD,2027-12-17
PFE271217P00035000,2025-10-09 15:43:03+00:00,35.0,11.45,10.1,12.75,0.0,0.0,2.0,282.0,0.3442448388671875,True,REGULAR,USD,2027-12-17
PFE280121P00013000,2025-10-16 15:50:56+00:00,13.0,0.56,0.5,0.65,0.01999998,3.7037,21.0,140.0,0.372076591796875,False,REGULAR,USD,2028-01-21
PFE280121P00015000,2025-10-13 14:14:32+00:00,15.0,0.86,0.0,1.0,0.0,0.0,1.0,1067.0,0.3540103662109374,False,REGULAR,USD,2028-01-21
PFE280121P00018000,2025-10-16 17:34:35+00:00,18.0,1.57,1.45,1.7,-0.029999971,-1.8749982,2.0,156.0,0.32739930419921875,False,REGULAR,USD,2028-01-21
PFE280121P00020000,2025-10-16 18:43:48+00:00,20.0,2.34,2.18,2.44,-0.06000018,-2.5000074,51.0,5347.0,0.3220282641601562,False,REGULAR,USD,2028-01-21
PFE280121P00022000,2025-10-16 19:33:37+00:00,22.0,3.33,3.1,3.4,0.12999988,4.062496,2.0,3098.0,0.32227240234374993,False,REGULAR,USD,2028-01-21
PFE280121P00025000,2025-10-16 19:12:59+00:00,25.0,5.0,3.7,5.15,0.13999987,2.8806555,3.0,4093.0,0.3249579223632812,True,REGULAR,USD,2028-01-21
PFE280121P00027000,2025-10-13 14:26:08+00:00,27.0,6.2,5.3,7.4,0.2999997,5.0847406,1.0,3440.0,0.3902648864746094,True,REGULAR,USD,2028-01-21
PFE280121P00030000,2025-10-16 16:01:27+00:00,30.0,8.15,6.9,10.8,-0.06000042,-0.7308212,8.0,97.0,0.476567734375,True,REGULAR,USD,2028-01-21
PFE280121P00032000,2025-10-16 16:10:13+00:00,32.0,9.77,9.4,11.75,1.3200006,15.621309,5.0,85.0,0.4376276940917969,True,REGULAR,USD,2028-01-21
PFE280121P00035000,2025-10-16 19:33:43+00:00,35.0,12.5,11.9,12.9,0.3000002,2.459018,11.0,80.0,0.3482731188964844,True,REGULAR,USD,2028-01-21
