contractSymbol,lastTradeDate,strike,lastPrice,bid,ask,change,percentChange,volume,openInterest,impliedVolatility,inTheMoney,contractSize,currency,expiration
PFE251107C00015000,2025-11-04 20:00:17+00:00,15.0,9.3,8.9,10.55,-0.39999962,-4.1237073,5.0,44,3.80468798828125,True,REGULAR,USD,2025-11-07
PFE251107C00019000,2025-11-04 20:05:50+00:00,19.0,5.22,4.95,5.65,-0.73,-12.268908,8.0,10,2.1523483691406247,True,REGULAR,USD,2025-11-07
PFE251107C00019500,2025-11-04 17:01:23+00:00,19.5,5.04,4.4,5.2,-0.46000004,-8.363637,6.0,10,2.0820360449218747,True,REGULAR,USD,2025-11-07
PFE251107C00020000,2025-11-04 20:17:50+00:00,20.0,4.32,4.1,4.55,-0.27999973,-6.086951,10.0,17,0.8437515624999999,True,REGULAR,USD,2025-11-07
PFE251107C00020500,2025-11-04 20:30:55+00:00,20.5,3.83,3.55,3.95,-0.38999987,-9.241703,38.0,33,1.2578162109375,True,REGULAR,USD,2025-11-07
PFE251107C00021000,2025-11-04 20:15:28+00:00,21.0,3.22,3.05,3.45,-0.6299999,-16.363634,3.0,5,1.12109814453125,True,REGULAR,USD,2025-11-07
PFE251107C00021500,2025-11-04 20:12:57+00:00,21.5,2.78,2.64,3.0,-0.4100001,-12.852667,3.0,23,0.51562984375,True,REGULAR,USD,2025-11-07
PFE251107C00022000,2025-11-04 20:20:08+00:00,22.0,2.27,2.15,2.49,-0.42000008,-15.613385,20.0,44,0.9257819921875,True,REGULAR,USD,2025-11-07
PFE251107C00022500,2025-11-04 20:17:19+00:00,22.5,1.83,1.67,2.0,-0.41999996,-18.666664,33.0,43,0.79687703125,True,REGULAR,USD,2025-11-07
PFE251107C00023000,2025-11-04 20:39:06+00:00,23.0,1.23,1.2,1.44,-0.67999995,-35.602093,226.0,1919,0.5566450585937501,True,REGULAR,USD,2025-11-07
PFE251107C00023500,2025-11-04 20:35:44+00:00,23.5,0.93,0.86,0.96,-0.34999996,-27.343748,895.0,926,0.437505625,True,REGULAR,USD,2025-11-07
PFE251107C00024000,2025-11-04 20:38:01+00:00,24.0,0.53,0.48,0.53,-0.37,-41.11111,1480.0,3716,0.34766277343749996,True,REGULAR,USD,2025-11-07
PFE251107C00024500,2025-11-04 20:42:00+00:00,24.5,0.22,0.22,0.23,-0.35,-60.34483,14106.0,13267,0.3086006640625,False,REGULAR,USD,2025-11-07
PFE251107C00025000,2025-11-04 20:42:13+00:00,25.0,0.1,0.1,0.11,-0.27,-72.97298,26218.0,23809,0.3398503515625,False,REGULAR,USD,2025-11-07
PFE251107C00025500,2025-11-04 20:41:01+00:00,25.5,0.06,0.05,0.06,-0.17999999,-75.0,10600.0,39799,0.38672488281249995,False,REGULAR,USD,2025-11-07
PFE251107C00026000,2025-11-04 20:42:17+00:00,26.0,0.03,0.03,0.04,-0.120000005,-80.0,9840.0,36903,0.445318046875,False,REGULAR,USD,2025-11-07
PFE251107C00026500,2025-11-04 20:40:41+00:00,26.5,0.02,0.01,0.03,-0.08,-80.00001,2229.0,5246,0.507817421875,False,REGULAR,USD,2025-11-07
PFE251107C00027000,2025-11-04 20:42:26+00:00,27.0,0.01,0.0,0.01,-0.080000006,-88.88889,3138.0,6608,0.48438015625,False,REGULAR,USD,2025-11-07
PFE251107C00027500,2025-11-04 20:41:42+00:00,27.5,0.01,0.0,0.01,-0.02,-66.66667,805.0,3094,0.500005,False,REGULAR,USD,2025-11-07
PFE251107C00028000,2025-11-04 20:41:49+00:00,28.0,0.01,0.0,0.01,-0.02,-66.66667,562.0,4102,0.5625043750000001,False,REGULAR,USD,2025-11-07
PFE251107C00028500,2025-11-04 20:33:49+00:00,28.5,0.01,0.0,0.01,0.0,0.0,239.0,3073,0.6250037500000001,False,REGULAR,USD,2025-11-07
PFE251107C00029000,2025-11-04 20:33:43+00:00,29.0,0.01,0.0,0.01,-0.01,-50.0,145.0,3301,0.6875031250000001,False,REGULAR,USD,2025-11-07
PFE251107C00029500,2025-11-04 20:33:36+00:00,29.5,0.01,0.0,0.01,0.0,0.0,134.0,495,0.7500025,False,REGULAR,USD,2025-11-07
PFE251107C00030000,2025-11-04 20:33:29+00:00,30.0,0.01,0.0,0.01,0.0,0.0,218.0,6992,0.8125018749999999,False,REGULAR,USD,2025-11-07
PFE251107C00031000,2025-11-04 20:32:16+00:00,31.0,0.01,0.0,0.01,0.0,0.0,119.0,385,0.937500625,False,REGULAR,USD,2025-11-07
PFE251107C00032000,2025-11-04 20:33:33+00:00,32.0,0.01,0.0,0.01,0.0,0.0,115.0,585,1.0312548437500002,False,REGULAR,USD,2025-11-07
PFE251107C00033000,2025-11-04 20:33:29+00:00,33.0,0.01,0.0,0.02,0.0,0.0,119.0,542,1.21875390625,False,REGULAR,USD,2025-11-07
PFE251107C00034000,2025-11-04 20:32:11+00:00,34.0,0.01,0.0,0.02,-0.02,-66.66667,120.0,33,1.3125034374999998,False,REGULAR,USD,2025-11-07
PFE251107C00035000,2025-11-04 20:33:15+00:00,35.0,0.01,0.0,0.02,-0.03,-75.0,117.0,53,1.40625296875,False,REGULAR,USD,2025-11-07
PFE251107C00037000,2025-11-04 20:33:04+00:00,37.0,0.01,0.0,0.01,0.0,0.0,119.0,25,1.5000025,False,REGULAR,USD,2025-11-07
PFE251114C00015000,2025-11-04 18:48:58+00:00,15.0,9.41,7.4,11.35,0.30999947,3.4065874,2.0,11,1.4921900390624998,True,REGULAR,USD,2025-11-14
PFE251114C00019000,2025-10-28 19:35:54+00:00,19.0,5.41,4.05,7.35,0.0,0.0,,1,1.359378203125,True,REGULAR,USD,2025-11-14
PFE251114C00020000,2025-11-04 17:04:36+00:00,20.0,4.7,4.1,4.9,0.049999714,1.0752627,23.0,27,0.9160164648437501,True,REGULAR,USD,2025-11-14
PFE251114C00021000,2025-11-03 14:46:28+00:00,21.0,3.55,3.2,3.5,0.0,0.0,1.0,102,0.7421900781249999,True,REGULAR,USD,2025-11-14
PFE251114C00022000,2025-11-04 16:29:04+00:00,22.0,2.55,2.14,2.55,-0.049999952,-1.9230752,6.0,30,0.6191444335937502,True,REGULAR,USD,2025-11-14
PFE251114C00023000,2025-11-04 18:07:34+00:00,23.0,1.61,1.2,1.61,-0.14999998,-8.522726,50.0,54,0.47852083984375,True,REGULAR,USD,2025-11-14
PFE251114C00023500,2025-11-04 20:30:42+00:00,23.5,1.0,0.79,0.98,-0.32000005,-24.242426,185.0,593,0.27930408203124996,True,REGULAR,USD,2025-11-14
PFE251114C00024000,2025-11-04 20:35:07+00:00,24.0,0.56,0.5,0.58,-0.36,-39.130436,1169.0,1743,0.241218525390625,True,REGULAR,USD,2025-11-14
PFE251114C00024500,2025-11-04 20:37:16+00:00,24.5,0.3,0.27,0.3,-0.33999997,-53.124996,2582.0,1554,0.22852333984375,False,REGULAR,USD,2025-11-14
PFE251114C00025000,2025-11-04 20:40:17+00:00,25.0,0.17,0.16,0.17,-0.24999999,-59.523808,6389.0,12098,0.25098405273437496,False,REGULAR,USD,2025-11-14
PFE251114C00025500,2025-11-04 20:34:40+00:00,25.5,0.11,0.1,0.12,-0.17,-60.714287,2106.0,1951,0.2929758203124999,False,REGULAR,USD,2025-11-14
PFE251114C00026000,2025-11-04 20:41:02+00:00,26.0,0.07,0.06,0.07,-0.11000001,-61.111115,9677.0,5838,0.31055376953124997,False,REGULAR,USD,2025-11-14
PFE251114C00026500,2025-11-04 18:52:26+00:00,26.5,0.05,0.03,0.05,-0.06,-54.545456,5181.0,558,0.3437565625,False,REGULAR,USD,2025-11-14
PFE251114C00027000,2025-11-04 20:30:31+00:00,27.0,0.03,0.03,0.04,-0.060000002,-66.666664,5200.0,2554,0.3789124609375,False,REGULAR,USD,2025-11-14
PFE251114C00027500,2025-11-04 19:23:08+00:00,27.5,0.03,0.02,0.03,-0.04,-57.142857,69.0,120,0.4062559375,False,REGULAR,USD,2025-11-14
PFE251114C00028000,2025-11-04 19:52:32+00:00,28.0,0.01,0.01,0.03,-0.049999997,-83.333336,1241.0,4646,0.45313046875,False,REGULAR,USD,2025-11-14
PFE251114C00028500,2025-11-03 14:58:22+00:00,28.5,0.01,0.01,0.02,0.0,0.0,1.0,33,0.4687553125,False,REGULAR,USD,2025-11-14
PFE251114C00029000,2025-11-04 18:12:36+00:00,29.0,0.02,0.01,0.02,-0.02,-50.0,32.0,485,0.507817421875,False,REGULAR,USD,2025-11-14
PFE251114C00030000,2025-11-04 16:54:53+00:00,30.0,0.01,0.0,0.03,-0.01,-50.0,101.0,835,0.5625043750000001,False,REGULAR,USD,2025-11-14
PFE251114C00031000,2025-11-03 18:19:49+00:00,31.0,0.02,0.0,0.06,0.0,0.0,7.0,737,0.70312796875,False,REGULAR,USD,2025-11-14
PFE251114C00032000,2025-11-03 14:30:20+00:00,32.0,0.01,0.0,0.07,0.0,0.0,2.0,82,0.79687703125,False,REGULAR,USD,2025-11-14
PFE251114C00033000,2025-11-04 15:17:07+00:00,33.0,0.02,0.0,0.04,0.01,100.0,1.0,42,0.804689453125,False,REGULAR,USD,2025-11-14
PFE251114C00034000,2025-10-03 19:36:43+00:00,34.0,0.07,0.0,0.04,0.0,0.0,1.0,1,0.87500125,False,REGULAR,USD,2025-11-14
PFE251114C00037000,2025-11-04 16:49:05+00:00,37.0,0.01,0.0,0.02,-0.01,-50.0,1.0,1,0.9687503125,False,REGULAR,USD,2025-11-14
PFE251121C00012000,2025-10-24 16:22:31+00:00,12.0,12.8,11.05,14.25,0.0,0.0,11.0,117,2.3164104589843744,True,REGULAR,USD,2025-11-21
PFE251121C00013000,2025-09-15 17:32:57+00:00,13.0,11.06,0.0,0.0,0.0,0.0,5.0,0,1.0000000000000003e-05,True,REGULAR,USD,2025-11-21
PFE251121C00014000,2025-10-06 14:03:10+00:00,14.0,13.1,8.5,12.35,0.0,0.0,1.0,0,1.46484642578125,True,REGULAR,USD,2025-11-21
PFE251121C00015000,2025-10-17 19:09:31+00:00,15.0,9.52,8.05,10.75,0.0,0.0,4.0,28,1.2421912890624998,True,REGULAR,USD,2025-11-21
PFE251121C00016000,2025-10-03 17:33:48+00:00,16.0,11.57,7.0,9.75,0.0,0.0,3.0,28,1.0312548437500002,True,REGULAR,USD,2025-11-21
PFE251121C00017000,2025-11-04 19:35:54+00:00,17.0,7.29,6.05,8.6,-0.40999985,-5.3246737,20.0,47,0.6875031250000001,True,REGULAR,USD,2025-11-21
PFE251121C00018000,2025-10-02 14:59:23+00:00,18.0,8.86,5.05,8.25,0.0,0.0,2.0,32,1.173832255859375,True,REGULAR,USD,2025-11-21
PFE251121C00019000,2025-10-01 16:57:18+00:00,19.0,8.22,3.95,6.75,0.0,0.0,1.0,37,0.5976602734375001,True,REGULAR,USD,2025-11-21
PFE251121C00020000,2025-11-04 15:04:06+00:00,20.0,4.9,2.9,5.4,0.25,5.376344,100.0,744,1.3925811621093749,True,REGULAR,USD,2025-11-21
PFE251121C00020500,2025-10-27 17:35:17+00:00,20.5,3.85,3.05,5.85,-0.4500003,-10.465123,1.0,1,1.0048877880859375,True,REGULAR,USD,2025-11-21
PFE251121C00021000,2025-10-31 17:44:01+00:00,21.0,3.6,2.05,3.85,0.0,0.0,6.0,967,0.851563984375,True,REGULAR,USD,2025-11-21
PFE251121C00021500,2025-10-28 14:59:04+00:00,21.5,3.1,2.57,3.95,0.0,0.0,5.0,5,0.708010732421875,True,REGULAR,USD,2025-11-21
PFE251121C00022000,2025-11-04 16:34:27+00:00,22.0,2.64,2.33,2.48,0.0400002,1.5384693,201.0,1116,0.42774009765625004,True,REGULAR,USD,2025-11-21
PFE251121C00022500,2025-11-04 17:55:13+00:00,22.5,2.0,1.68,1.99,-0.19000006,-8.675801,51.0,65,0.367193828125,True,REGULAR,USD,2025-11-21
PFE251121C00023000,2025-11-04 20:11:24+00:00,23.0,1.33,1.34,1.47,-0.39,-22.674417,116.0,7312,0.2841868457031249,True,REGULAR,USD,2025-11-21
PFE251121C00023500,2025-11-04 14:32:32+00:00,23.5,1.38,0.83,1.02,0.13999999,11.290321,33.0,141,0.242195078125,True,REGULAR,USD,2025-11-21
PFE251121C00024000,2025-11-04 20:30:56+00:00,24.0,0.59,0.59,0.61,-0.39000005,-39.79592,2802.0,8684,0.20313296874999998,True,REGULAR,USD,2025-11-21
PFE251121C00024500,2025-11-04 20:41:46+00:00,24.5,0.39,0.37,0.41,-0.28000003,-41.79105,8833.0,16149,0.229499892578125,False,REGULAR,USD,2025-11-21
PFE251121C00025000,2025-11-04 20:42:29+00:00,25.0,0.25,0.25,0.27,-0.21000001,-45.652172,26046.0,125866,0.2500075,False,REGULAR,USD,2025-11-21
PFE251121C00025500,2025-11-04 20:32:27+00:00,25.5,0.16,0.16,0.19,-0.18,-52.941177,1103.0,10149,0.27539787109374997,False,REGULAR,USD,2025-11-21
PFE251121C00026000,2025-11-04 20:36:05+00:00,26.0,0.13,0.11,0.13,-0.09,-40.909092,6923.0,76684,0.29395237304687494,False,REGULAR,USD,2025-11-21
PFE251121C00026500,2025-11-04 19:55:16+00:00,26.5,0.07,0.07,0.09,-0.1,-58.82353,4211.0,1986,0.31250687499999996,False,REGULAR,USD,2025-11-21
PFE251121C00027000,2025-11-04 20:36:42+00:00,27.0,0.05,0.05,0.06,-0.05,-50.0,9567.0,72015,0.3242255078124999,False,REGULAR,USD,2025-11-21
PFE251121C00027500,2025-11-04 18:31:21+00:00,27.5,0.04,0.03,0.05,-0.050000004,-55.555557,431.0,685,0.35156898437499995,False,REGULAR,USD,2025-11-21
PFE251121C00028000,2025-11-04 20:09:23+00:00,28.0,0.02,0.02,0.03,-0.04,-66.66667,5168.0,14921,0.35547519531249994,False,REGULAR,USD,2025-11-21
PFE251121C00028500,2025-11-04 20:13:45+00:00,28.5,0.02,0.02,0.1,-0.030000001,-60.0,66.0,148,0.500005,False,REGULAR,USD,2025-11-21
PFE251121C00029000,2025-11-04 17:10:38+00:00,29.0,0.04,0.02,0.03,0.0,0.0,273.0,7280,0.42578699218750005,False,REGULAR,USD,2025-11-21
PFE251121C00029500,2025-11-04 17:06:29+00:00,29.5,0.01,0.01,0.05,-0.03,-75.0,7.0,7,0.500005,False,REGULAR,USD,2025-11-21
PFE251121C00030000,2025-11-04 20:31:06+00:00,30.0,0.01,0.01,0.03,-0.03,-60.000004,695.0,20261,0.49219257812500006,False,REGULAR,USD,2025-11-21
PFE251121C00031000,2025-11-04 19:17:38+00:00,31.0,0.01,0.0,0.04,-0.02,-66.66667,38.0,2631,0.51562984375,False,REGULAR,USD,2025-11-21
PFE251121C00032000,2025-11-04 18:24:59+00:00,32.0,0.02,0.0,0.02,0.0,0.0,531.0,2711,0.523442265625,False,REGULAR,USD,2025-11-21
PFE251121C00034000,2025-11-03 14:30:23+00:00,34.0,0.01,0.0,0.05,0.0,0.0,1.0,18,0.70312796875,False,REGULAR,USD,2025-11-21
PFE251121C00035000,2025-11-03 14:30:06+00:00,35.0,0.01,0.0,0.02,0.0,0.0,2.0,2013,0.6718782812500002,False,REGULAR,USD,2025-11-21
PFE251121C00037000,2025-11-03 18:41:58+00:00,37.0,0.02,0.0,0.04,0.0,0.0,2.0,818,0.8203142968749999,False,REGULAR,USD,2025-11-21
PFE251121C00040000,2025-10-30 14:35:39+00:00,40.0,0.01,0.0,0.04,0.0,0.0,1.0,653,0.9531254687499999,False,REGULAR,USD,2025-11-21
PFE251121C00042000,2025-10-16 15:29:46+00:00,42.0,0.01,0.0,0.36,0.0,0.0,18.0,45,1.4375028125,False,REGULAR,USD,2025-11-21
PFE251121C00045000,2025-11-04 18:08:09+00:00,45.0,0.01,0.0,0.02,-0.01,-50.0,1.0,321,1.0468797656250002,False,REGULAR,USD,2025-11-21
PFE251128C00015000,2025-10-28 17:01:45+00:00,15.0,9.7,7.85,11.35,0.0,0.0,2.0,5,1.3789093554687497,True,REGULAR,USD,2025-11-28
PFE251128C00020000,2025-10-31 13:30:08+00:00,20.0,4.25,2.75,6.0,0.0,0.0,22.0,22,1.4912134814453122,True,REGULAR,USD,2025-11-28
PFE251128C00021000,2025-10-20 18:30:08+00:00,21.0,3.68,2.07,4.4,0.0,0.0,7.0,60,1.0127002490234376,True,REGULAR,USD,2025-11-28
PFE251128C00022000,2025-11-04 18:47:15+00:00,22.0,2.53,1.95,2.66,-0.049999952,-1.9379827,81.0,222,0.476567734375,True,REGULAR,USD,2025-11-28
PFE251128C00023000,2025-11-04 16:11:30+00:00,23.0,1.7,1.12,1.61,-0.029999971,-1.7341024,11.0,40,0.317389638671875,True,REGULAR,USD,2025-11-28
PFE251128C00024000,2025-11-04 20:36:11+00:00,24.0,0.69,0.63,0.67,-0.34999996,-33.653843,592.0,1686,0.19727365234375,True,REGULAR,USD,2025-11-28
PFE251128C00025000,2025-11-04 20:31:14+00:00,25.0,0.31,0.29,0.32,-0.21999997,-41.50943,740.0,2031,0.233406103515625,False,REGULAR,USD,2025-11-28
PFE251128C00026000,2025-11-04 20:41:49+00:00,26.0,0.15,0.14,0.2,-0.109999985,-40.740738,730.0,2034,0.2910227148437499,False,REGULAR,USD,2025-11-28
PFE251128C00027000,2025-11-04 20:07:00+00:00,27.0,0.08,0.08,0.1,-0.07000001,-46.66667,205.0,1095,0.31250687499999996,False,REGULAR,USD,2025-11-28
PFE251128C00028000,2025-11-04 20:21:51+00:00,28.0,0.04,0.04,0.1,-0.04,-50.0,16.0,792,0.38867798828125,False,REGULAR,USD,2025-11-28
PFE251128C00029000,2025-10-29 13:30:32+00:00,29.0,0.05,0.01,0.11,0.0,0.0,1.0,26,0.4687553125,False,REGULAR,USD,2025-11-28
PFE251128C00030000,2025-11-04 14:32:25+00:00,30.0,0.03,0.01,0.03,0.0,0.0,14.0,898,0.414068359375,False,REGULAR,USD,2025-11-28
PFE251128C00031000,2025-10-16 14:46:33+00:00,31.0,0.05,0.0,0.05,0.0,0.0,,1,0.5117236328125,False,REGULAR,USD,2025-11-28
PFE251128C00032000,2025-11-04 18:24:27+00:00,32.0,0.01,0.01,0.03,0.0,0.0,117.0,1,0.51562984375,False,REGULAR,USD,2025-11-28
PFE251205C00020000,2025-10-27 19:01:43+00:00,20.0,5.55,2.9,6.35,0.0,0.0,,4,0.6289099609375001,True,REGULAR,USD,2025-12-05
PFE251205C00022000,2025-10-31 19:57:48+00:00,22.0,2.75,1.2,4.35,0.0,0.0,2.0,4,1.1220747021484376,True,REGULAR,USD,2025-12-05
PFE251205C00023000,2025-11-04 15:14:05+00:00,23.0,1.8,1.2,2.46,-0.100000024,-5.263159,14.0,8,0.6176796044921876,True,REGULAR,USD,2025-12-05
PFE251205C00024000,2025-11-04 20:27:59+00:00,24.0,0.7,0.7,0.78,-0.19999999,-22.222221,126.0,19,0.213875048828125,True,REGULAR,USD,2025-12-05
PFE251205C00025000,2025-11-04 20:12:55+00:00,25.0,0.35,0.35,0.39,-0.22,-38.596493,712.0,590,0.2329178271484375,False,REGULAR,USD,2025-12-05
PFE251205C00026000,2025-11-04 20:23:37+00:00,26.0,0.2,0.17,0.21,-0.13000001,-39.39394,171.0,500,0.26270268554687504,False,REGULAR,USD,2025-12-05
PFE251205C00027000,2025-11-04 19:07:50+00:00,27.0,0.11,0.09,0.12,-0.060000002,-35.294117,223.0,3083,0.2910227148437499,False,REGULAR,USD,2025-12-05
PFE251205C00028000,2025-11-04 14:32:25+00:00,28.0,0.08,0.0,0.12,-0.020000003,-20.000002,7.0,183,0.35938140625,False,REGULAR,USD,2025-12-05
PFE251205C00029000,2025-10-31 19:40:11+00:00,29.0,0.09,0.0,0.14,0.0,0.0,24.0,21,0.43945873046875,False,REGULAR,USD,2025-12-05
PFE251205C00030000,2025-11-04 14:32:28+00:00,30.0,0.03,0.0,0.05,-0.01,-25.0,1.0,12,0.4023497265625,False,REGULAR,USD,2025-12-05
PFE251212C00024000,2025-11-04 19:30:55+00:00,24.0,0.77,0.79,0.92,-0.30000007,-28.03739,52.0,48,0.2387771435546875,True,REGULAR,USD,2025-12-12
PFE251212C00025000,2025-11-04 20:23:53+00:00,25.0,0.43,0.4,0.48,-0.21999997,-33.84615,185.0,124,0.241218525390625,False,REGULAR,USD,2025-12-12
PFE251212C00026000,2025-11-04 17:32:14+00:00,26.0,0.29,0.2,0.25,-0.050000012,-14.705885,66.0,99,0.25489026367187506,False,REGULAR,USD,2025-12-12
PFE251212C00027000,2025-11-04 20:19:55+00:00,27.0,0.14,0.12,0.15,-0.060000002,-30.0,614.0,129,0.28125718749999995,False,REGULAR,USD,2025-12-12
PFE251219C00012000,2025-10-21 14:11:05+00:00,12.0,12.9,10.4,14.3,0.0,0.0,4.0,120,0.937500625,True,REGULAR,USD,2025-12-19
PFE251219C00013000,2025-09-30 19:17:39+00:00,13.0,12.45,9.95,13.3,0.0,0.0,1.0,0,1.2851598242187499,True,REGULAR,USD,2025-12-19
PFE251219C00014000,2025-09-17 14:44:15+00:00,14.0,10.45,8.8,12.6,0.0,0.0,10.0,10,1.2265663671875,True,REGULAR,USD,2025-12-19
PFE251219C00015000,2025-11-04 14:54:57+00:00,15.0,9.84,8.05,10.75,-0.85999966,-8.03738,1.0,60,0.7773459765625,True,REGULAR,USD,2025-12-19
PFE251219C00016000,2025-10-17 15:47:26+00:00,16.0,8.38,7.05,9.6,0.0,0.0,2.0,16,0.500005,True,REGULAR,USD,2025-12-19
PFE251219C00017500,2025-10-16 14:26:59+00:00,17.5,7.25,5.0,8.1,0.0,0.0,2.0,25,1.2880894970703123,True,REGULAR,USD,2025-12-19
PFE251219C00019000,2025-10-01 14:44:11+00:00,19.0,7.55,3.75,7.35,0.0,0.0,3.0,28,0.570316796875,True,REGULAR,USD,2025-12-19
PFE251219C00020000,2025-11-04 16:13:18+00:00,20.0,4.58,3.9,5.15,-0.07000017,-1.50538,2.0,2210,0.7695335546875001,True,REGULAR,USD,2025-12-19
PFE251219C00021000,2025-11-04 18:25:56+00:00,21.0,3.33,3.2,3.9,-0.26,-7.24234,6.0,779,0.5537154003906251,True,REGULAR,USD,2025-12-19
PFE251219C00022500,2025-11-04 20:15:26+00:00,22.5,1.85,1.81,2.1,-0.43999994,-19.21397,83.0,3724,0.278327529296875,True,REGULAR,USD,2025-12-19
PFE251219C00024000,2025-11-04 20:37:12+00:00,24.0,0.9,0.87,0.92,-0.29000008,-24.369753,1073.0,6073,0.21973436523437498,True,REGULAR,USD,2025-12-19
PFE251219C00025000,2025-11-04 20:41:19+00:00,25.0,0.52,0.52,0.53,-0.21000004,-28.767128,5103.0,24721,0.23731231445312498,False,REGULAR,USD,2025-12-19
PFE251219C00026000,2025-11-04 20:33:24+00:00,26.0,0.3,0.3,0.33,-0.119999975,-28.571423,2302.0,49605,0.264655791015625,False,REGULAR,USD,2025-12-19
PFE251219C00027500,2025-11-04 20:40:53+00:00,27.5,0.16,0.16,0.17,-0.060000002,-27.272728,1375.0,22614,0.3007882421875,False,REGULAR,USD,2025-12-19
PFE251219C00029000,2025-11-04 20:38:44+00:00,29.0,0.1,0.09,0.11,-0.029999994,-24.999994,567.0,48329,0.34570966796874997,False,REGULAR,USD,2025-12-19
PFE251219C00030000,2025-11-04 20:26:53+00:00,30.0,0.08,0.08,0.09,-0.010000005,-11.111116,5300.0,49660,0.37695935546875,False,REGULAR,USD,2025-12-19
PFE251219C00031000,2025-11-04 19:44:30+00:00,31.0,0.06,0.05,0.07,-0.02,-25.0,37.0,8318,0.40039662109375,False,REGULAR,USD,2025-12-19
PFE251219C00032500,2025-11-04 14:39:25+00:00,32.5,0.03,0.03,0.05,-0.03,-50.0,33.0,6348,0.4335994140625,False,REGULAR,USD,2025-12-19
PFE251219C00035000,2025-11-04 20:06:58+00:00,35.0,0.02,0.02,0.04,-0.01,-33.333336,28.0,20503,0.5039112109375,False,REGULAR,USD,2025-12-19
PFE251219C00037500,2025-11-04 20:06:48+00:00,37.5,0.02,0.0,0.04,0.0,0.0,42.0,5399,0.5312546875,False,REGULAR,USD,2025-12-19
PFE251219C00040000,2025-11-04 20:07:08+00:00,40.0,0.01,0.01,0.02,-0.01,-50.0,2.0,14598,0.570316796875,False,REGULAR,USD,2025-12-19
PFE251219C00042500,2025-10-29 16:53:56+00:00,42.5,0.01,0.0,0.03,0.0,0.0,3.0,802,0.632816171875,False,REGULAR,USD,2025-12-19
PFE251219C00045000,2025-11-04 19:30:54+00:00,45.0,0.01,0.01,0.03,0.0,0.0,120.0,3869,0.710940390625,False,REGULAR,USD,2025-12-19
PFE251219C00047500,2025-10-31 14:18:09+00:00,47.5,0.01,0.0,0.03,0.0,0.0,12.0,1348,0.73437765625,False,REGULAR,USD,2025-12-19
PFE251219C00050000,2025-10-17 16:53:11+00:00,50.0,0.01,0.0,0.01,0.0,0.0,1.0,5911,0.70312796875,False,REGULAR,USD,2025-12-19
PFE251219C00055000,2025-11-03 20:33:38+00:00,55.0,0.01,0.0,0.01,0.0,0.0,14.0,8655,0.7812521875,False,REGULAR,USD,2025-12-19
PFE251219C00060000,2025-10-31 18:38:02+00:00,60.0,0.01,0.0,0.02,0.0,0.0,28.0,6230,0.9062509375,False,REGULAR,USD,2025-12-19
PFE260116C00013000,2025-10-24 14:35:14+00:00,13.0,11.7,10.4,12.85,0.0,0.0,1.0,358,1.013676806640625,True,REGULAR,USD,2026-01-16
PFE260116C00015000,2025-11-04 19:07:38+00:00,15.0,9.25,8.4,9.45,-0.25,-2.631579,4.0,343,0.6718782812500002,True,REGULAR,USD,2026-01-16
PFE260116C00016000,2025-10-17 19:44:43+00:00,16.0,8.45,6.8,10.35,0.0,0.0,3.0,26,0.6972686523437501,True,REGULAR,USD,2026-01-16
PFE260116C00017500,2025-10-17 16:42:31+00:00,17.5,6.83,5.9,8.05,0.0,0.0,2.0,791,0.5097705273437501,True,REGULAR,USD,2026-01-16
PFE260116C00019000,2025-10-21 13:52:53+00:00,19.0,5.55,4.4,6.55,0.0,0.0,4.0,72,0.8359391406249999,True,REGULAR,USD,2026-01-16
PFE260116C00020000,2025-11-04 18:11:58+00:00,20.0,4.39,4.05,4.55,-0.21000004,-4.5652184,19.0,9617,0.3789124609375,True,REGULAR,USD,2026-01-16
PFE260116C00021000,2025-11-04 16:33:30+00:00,21.0,3.8,3.15,3.85,0.20000005,5.555557,6.0,1531,0.41992767578125,True,REGULAR,USD,2026-01-16
PFE260116C00022500,2025-11-04 19:45:18+00:00,22.5,2.01,1.97,2.24,-0.37000012,-15.546223,61.0,14276,0.26270268554687504,True,REGULAR,USD,2026-01-16
PFE260116C00024000,2025-11-04 20:37:25+00:00,24.0,1.18,1.14,1.18,-0.2800001,-19.17809,1671.0,12498,0.23389437988281248,True,REGULAR,USD,2026-01-16
PFE260116C00025000,2025-11-04 20:38:12+00:00,25.0,0.74,0.74,0.77,-0.24000001,-24.489796,2919.0,49381,0.2436599072265625,False,REGULAR,USD,2026-01-16
PFE260116C00026000,2025-11-04 20:35:05+00:00,26.0,0.48,0.47,0.5,-0.16999999,-26.153845,2787.0,24322,0.25489026367187506,False,REGULAR,USD,2026-01-16
PFE260116C00027500,2025-11-04 20:36:49+00:00,27.5,0.26,0.26,0.28,-0.09,-25.714287,4013.0,56445,0.2788158056640625,False,REGULAR,USD,2026-01-16
PFE260116C00029000,2025-11-04 20:36:38+00:00,29.0,0.17,0.17,0.18,-0.049999997,-21.739128,1620.0,14269,0.3086006640625,False,REGULAR,USD,2026-01-16
PFE260116C00030000,2025-11-04 20:37:42+00:00,30.0,0.14,0.13,0.14,-0.019999996,-12.499997,9980.0,217952,0.32813171874999997,False,REGULAR,USD,2026-01-16
PFE260116C00031000,2025-11-04 20:07:59+00:00,31.0,0.12,0.09,0.15,0.0,0.0,23.0,6653,0.372076591796875,False,REGULAR,USD,2026-01-16
PFE260116C00032500,2025-11-04 19:00:53+00:00,32.5,0.09,0.07,0.09,0.010000005,12.500007,350.0,19398,0.38086556640624997,False,REGULAR,USD,2026-01-16
PFE260116C00035000,2025-11-04 17:57:26+00:00,35.0,0.06,0.04,0.06,0.0,0.0,63.0,39005,0.42383388671875,False,REGULAR,USD,2026-01-16
PFE260116C00037500,2025-11-04 16:44:26+00:00,37.5,0.03,0.01,0.05,-0.020000001,-40.000004,50.0,4842,0.4726615234375,False,REGULAR,USD,2026-01-16
PFE260116C00040000,2025-11-04 20:17:43+00:00,40.0,0.02,0.02,0.04,-0.02,-50.0,3.0,26626,0.5117236328125,False,REGULAR,USD,2026-01-16
PFE260116C00042500,2025-11-03 20:01:33+00:00,42.5,0.04,0.01,0.04,0.0,0.0,639.0,2605,0.5312546875,False,REGULAR,USD,2026-01-16
PFE260116C00045000,2025-11-03 20:37:58+00:00,45.0,0.07,0.0,0.03,0.0,0.0,4.0,6325,0.5390671093750001,False,REGULAR,USD,2026-01-16
PFE260116C00047500,2025-10-31 16:29:44+00:00,47.5,0.01,0.0,0.03,0.0,0.0,124.0,1757,0.57812921875,False,REGULAR,USD,2026-01-16
PFE260116C00050000,2025-11-04 19:31:38+00:00,50.0,0.01,0.01,0.02,-0.02,-66.66667,51.0,10742,0.6171913281250001,False,REGULAR,USD,2026-01-16
PFE260220C00016000,2025-11-04 14:41:22+00:00,16.0,9.05,6.8,9.75,0.40000057,4.6242843,1.0,1,1.0283251708984378,True,REGULAR,USD,2026-02-20
PFE260220C00019000,2025-10-28 13:37:51+00:00,19.0,5.75,3.95,6.55,0.0,0.0,,1,0.6889679541015626,True,REGULAR,USD,2026-02-20
PFE260220C00020000,2025-11-04 20:01:25+00:00,20.0,4.35,4.2,4.5,-0.4000001,-8.421054,79.0,61,0.2910227148437499,True,REGULAR,USD,2026-02-20
PFE260220C00021000,2025-11-04 19:44:20+00:00,21.0,3.35,3.3,3.5,-0.31000018,-8.469951,13.0,21,0.23535920898437498,True,REGULAR,USD,2026-02-20
PFE260220C00022000,2025-11-04 14:47:22+00:00,22.0,3.2,2.6,2.91,0.30999994,10.726642,1.0,44,0.2919992675781249,True,REGULAR,USD,2026-02-20
PFE260220C00023000,2025-11-04 18:24:15+00:00,23.0,1.9,1.91,2.09,-0.33000004,-14.798208,170.0,250,0.25830819824218754,True,REGULAR,USD,2026-02-20
PFE260220C00024000,2025-11-04 20:37:12+00:00,24.0,1.4,1.36,1.4,-0.23000002,-14.110431,241.0,4327,0.2348709326171875,True,REGULAR,USD,2026-02-20
PFE260220C00025000,2025-11-04 20:36:50+00:00,25.0,0.99,0.95,1.0,-0.18999994,-16.10169,1512.0,1302,0.24463645996093752,False,REGULAR,USD,2026-02-20
PFE260220C00026000,2025-11-04 20:15:05+00:00,26.0,0.66,0.65,0.7,-0.17999995,-21.428566,745.0,2991,0.2524488818359375,False,REGULAR,USD,2026-02-20
PFE260220C00027000,2025-11-04 18:00:57+00:00,27.0,0.5,0.46,0.5,-0.110000014,-18.03279,802.0,1781,0.26270268554687504,False,REGULAR,USD,2026-02-20
PFE260220C00028000,2025-11-04 20:31:36+00:00,28.0,0.35,0.33,0.36,-0.099999994,-22.222221,377.0,1277,0.273444765625,False,REGULAR,USD,2026-02-20
PFE260220C00029000,2025-11-04 19:54:47+00:00,29.0,0.24,0.24,0.27,-0.010000005,-4.000002,235.0,282,0.28613995117187496,False,REGULAR,USD,2026-02-20
PFE260220C00030000,2025-11-04 20:10:52+00:00,30.0,0.2,0.19,0.25,-0.03999999,-16.666662,16.0,575,0.3154365332031249,False,REGULAR,USD,2026-02-20
PFE260220C00031000,2025-11-04 17:37:03+00:00,31.0,0.19,0.07,0.29,0.060000002,46.153847,13.0,226,0.3632876171875,False,REGULAR,USD,2026-02-20
PFE260220C00032000,2025-11-04 16:12:06+00:00,32.0,0.15,0.1,0.23,0.010000005,7.1428604,2.0,15,0.372076591796875,False,REGULAR,USD,2026-02-20
PFE260220C00033000,2025-10-31 17:16:17+00:00,33.0,0.13,0.02,0.23,0.0,0.0,10.0,109,0.401373173828125,False,REGULAR,USD,2026-02-20
PFE260220C00035000,2025-10-28 15:36:09+00:00,35.0,0.1,0.06,0.1,0.0,0.0,6.0,130,0.38281867187499996,False,REGULAR,USD,2026-02-20
PFE260220C00036000,2025-10-30 19:59:52+00:00,36.0,0.08,0.0,0.22,0.0,0.0,2.0,44,0.47559118164062497,False,REGULAR,USD,2026-02-20
PFE260220C00037000,2025-10-30 19:20:05+00:00,37.0,0.09,0.0,0.12,0.0,0.0,10.0,167,0.4414118359375,False,REGULAR,USD,2026-02-20
PFE260220C00040000,2025-10-24 13:31:44+00:00,40.0,0.06,0.0,0.08,0.0,0.0,1.0,20,0.47070841796875,False,REGULAR,USD,2026-02-20
PFE260320C00013000,2025-10-31 16:15:27+00:00,13.0,11.55,9.65,13.35,0.0,0.0,3.0,107,0.659183095703125,True,REGULAR,USD,2026-03-20
PFE260320C00014000,2025-10-09 16:46:34+00:00,14.0,11.73,8.65,12.35,0.0,0.0,4.0,5,0.5918009570312501,True,REGULAR,USD,2026-03-20
PFE260320C00015000,2025-11-04 17:37:27+00:00,15.0,9.75,9.1,10.55,0.3000002,3.1746054,10.0,138,0.69336244140625,True,REGULAR,USD,2026-03-20
PFE260320C00017000,2025-09-22 17:19:34+00:00,17.0,7.35,5.65,9.35,0.0,0.0,,50,0.9829103271484375,True,REGULAR,USD,2026-03-20
PFE260320C00018000,2025-10-01 14:15:17+00:00,18.0,8.4,5.5,7.55,0.0,0.0,2.0,69,0.6928741650390625,True,REGULAR,USD,2026-03-20
PFE260320C00019000,2025-11-03 14:53:20+00:00,19.0,5.65,3.95,6.55,0.0,0.0,2.0,19,0.6147499462890625,True,REGULAR,USD,2026-03-20
PFE260320C00020000,2025-11-04 19:40:57+00:00,20.0,4.45,4.2,4.5,-0.26999998,-5.720339,34.0,3392,0.25928475097656256,True,REGULAR,USD,2026-03-20
PFE260320C00021000,2025-11-04 14:52:51+00:00,21.0,3.65,3.35,3.95,-0.13999987,-3.693928,7.0,1859,0.3325262060546875,True,REGULAR,USD,2026-03-20
PFE260320C00022000,2025-11-04 18:59:04+00:00,22.0,2.69,2.6,2.92,-0.30999994,-10.333331,74.0,1339,0.26270268554687504,True,REGULAR,USD,2026-03-20
PFE260320C00023000,2025-11-04 15:45:23+00:00,23.0,2.28,2.01,2.31,0.059999943,2.7027001,33.0,8451,0.2710033837890625,True,REGULAR,USD,2026-03-20
PFE260320C00024000,2025-11-04 18:52:51+00:00,24.0,1.58,1.46,1.7,-0.17999995,-10.227269,2332.0,3993,0.260749580078125,True,REGULAR,USD,2026-03-20
PFE260320C00025000,2025-11-04 20:26:15+00:00,25.0,1.07,1.09,1.31,-0.25,-18.939394,2051.0,17019,0.270515107421875,False,REGULAR,USD,2026-03-20
PFE260320C00026000,2025-11-04 20:28:25+00:00,26.0,0.78,0.8,0.83,-0.21000004,-21.212126,896.0,15511,0.2485426708984375,False,REGULAR,USD,2026-03-20
PFE260320C00027000,2025-11-04 20:36:37+00:00,27.0,0.59,0.56,0.6,-0.16000003,-21.333336,343.0,24620,0.25489026367187506,False,REGULAR,USD,2026-03-20
PFE260320C00028000,2025-11-04 20:03:32+00:00,28.0,0.45,0.4,0.56,-0.050000012,-10.000002,608.0,10502,0.28955788574218744,False,REGULAR,USD,2026-03-20
PFE260320C00029000,2025-11-04 18:13:25+00:00,29.0,0.4,0.3,0.39,0.01000002,2.564108,110.0,14744,0.2880930566406249,False,REGULAR,USD,2026-03-20
PFE260320C00030000,2025-11-04 20:16:05+00:00,30.0,0.26,0.25,0.27,-0.08000001,-23.529415,4433.0,86085,0.28711650390624993,False,REGULAR,USD,2026-03-20
PFE260320C00031000,2025-11-04 19:10:08+00:00,31.0,0.21,0.19,0.25,-0.030000001,-12.5,43.0,2246,0.31055376953124997,False,REGULAR,USD,2026-03-20
PFE260320C00032000,2025-11-03 16:09:17+00:00,32.0,0.22,0.15,0.2,0.0,0.0,3.0,15332,0.32031929687499994,False,REGULAR,USD,2026-03-20
PFE260320C00033000,2025-11-04 20:15:49+00:00,33.0,0.14,0.08,0.17,-0.040000007,-22.222223,51.0,25670,0.33301448242187504,False,REGULAR,USD,2026-03-20
PFE260320C00034000,2025-10-30 14:35:35+00:00,34.0,0.1,0.1,0.24,0.0,0.0,1.0,463,0.38672488281249995,False,REGULAR,USD,2026-03-20
PFE260320C00035000,2025-11-04 19:31:37+00:00,35.0,0.12,0.1,0.15,-0.009999998,-7.692306,15.0,2862,0.370123486328125,False,REGULAR,USD,2026-03-20
PFE260320C00036000,2025-10-30 16:05:54+00:00,36.0,0.13,0.0,0.35,0.0,0.0,1.0,1004,0.47461462890625,False,REGULAR,USD,2026-03-20
PFE260320C00037000,2025-10-30 16:05:38+00:00,37.0,0.08,0.01,0.23,0.0,0.0,1.0,1593,0.4506890869140625,False,REGULAR,USD,2026-03-20
PFE260320C00040000,2025-11-04 14:32:25+00:00,40.0,0.11,0.02,0.09,0.05,83.333336,1.0,3336,0.42774009765625004,False,REGULAR,USD,2026-03-20
PFE260417C00019000,2025-10-24 15:58:47+00:00,19.0,5.86,3.95,6.55,0.0,0.0,3.0,8,0.5600629931640625,True,REGULAR,USD,2026-04-17
PFE260417C00020000,2025-11-04 20:34:00+00:00,20.0,4.45,4.4,4.5,-0.35000038,-7.291674,236.0,371,0.23633576171874998,True,REGULAR,USD,2026-04-17
PFE260417C00021000,2025-11-04 14:58:17+00:00,21.0,3.95,3.45,4.05,0.29999995,8.219177,4.0,154,0.3242255078124999,True,REGULAR,USD,2026-04-17
PFE260417C00022000,2025-11-04 19:55:29+00:00,22.0,2.79,2.83,2.99,-0.26,-8.5245905,1.0,79,0.252937158203125,True,REGULAR,USD,2026-04-17
PFE260417C00023000,2025-11-04 15:22:50+00:00,23.0,2.64,2.17,2.48,0.2800002,11.864416,1.0,36,0.2751537329101562,True,REGULAR,USD,2026-04-17
PFE260417C00024000,2025-11-04 17:59:31+00:00,24.0,1.73,1.6,1.84,-0.16999996,-8.947367,172.0,2572,0.25928475097656256,True,REGULAR,USD,2026-04-17
PFE260417C00025000,2025-11-04 19:13:57+00:00,25.0,1.23,1.2,1.38,-0.23000002,-15.753426,492.0,3184,0.2573316455078125,False,REGULAR,USD,2026-04-17
PFE260417C00026000,2025-11-04 20:01:23+00:00,26.0,0.93,0.9,1.0,-0.16000003,-14.678901,48.0,689,0.2541578491210938,False,REGULAR,USD,2026-04-17
PFE260417C00027000,2025-11-04 20:32:51+00:00,27.0,0.69,0.67,0.75,-0.17000002,-19.767445,171.0,498,0.2590406127929688,False,REGULAR,USD,2026-04-17
PFE260417C00028000,2025-11-04 20:18:23+00:00,28.0,0.52,0.5,0.57,-0.120000005,-18.75,135.0,431,0.26587648193359376,False,REGULAR,USD,2026-04-17
PFE260417C00029000,2025-11-04 19:19:28+00:00,29.0,0.39,0.37,0.45,-0.07000002,-15.217396,226.0,147,0.2758861474609374,False,REGULAR,USD,2026-04-17
PFE260417C00030000,2025-11-04 17:43:07+00:00,30.0,0.35,0.3,0.35,-0.03999999,-10.256408,156.0,194,0.28321029296874994,False,REGULAR,USD,2026-04-17
PFE260417C00031000,2025-11-04 19:11:19+00:00,31.0,0.26,0.15,0.38,-0.07000002,-21.212128,4.0,55,0.3198310205078124,False,REGULAR,USD,2026-04-17
PFE260417C00033000,2025-10-27 17:29:19+00:00,33.0,0.18,0.15,0.52,0.0,0.0,3.0,227,0.40869731933593745,False,REGULAR,USD,2026-04-17
PFE260417C00035000,2025-10-24 13:58:41+00:00,35.0,0.17,0.02,0.2,0.0,0.0,100.0,163,0.358404853515625,False,REGULAR,USD,2026-04-17
PFE260417C00036000,2025-10-30 16:06:35+00:00,36.0,0.11,0.01,0.24,0.0,0.0,1.0,153,0.39453730468750003,False,REGULAR,USD,2026-04-17
PFE260417C00037000,2025-10-29 17:33:39+00:00,37.0,0.14,0.0,0.36,0.0,0.0,,1,0.45654840332031255,False,REGULAR,USD,2026-04-17
PFE260417C00038000,2025-11-04 17:08:50+00:00,38.0,0.19,0.01,0.24,0.099999994,111.1111,3.0,4,0.4335994140625,False,REGULAR,USD,2026-04-17
PFE260417C00039000,2025-11-04 17:08:50+00:00,39.0,0.05,0.01,0.09,-0.05,-50.0,13.0,1,0.37402969726562496,False,REGULAR,USD,2026-04-17
PFE260618C00013000,2025-10-24 17:48:20+00:00,13.0,11.75,9.65,13.35,0.0,0.0,3.0,7,0.5117236328125,True,REGULAR,USD,2026-06-18
PFE260618C00015000,2025-10-29 15:06:43+00:00,15.0,9.5,7.7,11.35,0.0,0.0,1.0,199,0.922852333984375,True,REGULAR,USD,2026-06-18
PFE260618C00018000,2025-11-04 19:27:31+00:00,18.0,6.33,4.7,8.3,-0.26999998,-4.090909,13.0,1003,0.6811555322265627,True,REGULAR,USD,2026-06-18
PFE260618C00019000,2025-10-27 14:42:13+00:00,19.0,5.76,3.7,7.4,0.0,0.0,1.0,2,0.6289099609375001,True,REGULAR,USD,2026-06-18
PFE260618C00020000,2025-11-04 20:01:22+00:00,20.0,4.48,4.35,4.7,-0.3699999,-7.628864,334.0,4641,0.25391371093750004,True,REGULAR,USD,2026-06-18
PFE260618C00021000,2025-11-04 16:34:15+00:00,21.0,3.99,3.6,5.75,0.099999905,2.5706916,2.0,47,0.5478560839843751,True,REGULAR,USD,2026-06-18
PFE260618C00022000,2025-10-29 16:11:49+00:00,22.0,3.15,2.99,3.35,0.0,0.0,1.0,40,0.27246821289062495,True,REGULAR,USD,2026-06-18
PFE260618C00023000,2025-11-04 19:42:32+00:00,23.0,2.35,2.35,2.63,-0.35000014,-12.962969,57.0,6549,0.25586681640625003,True,REGULAR,USD,2026-06-18
PFE260618C00024000,2025-11-04 19:29:35+00:00,24.0,1.91,1.81,2.01,-0.16999996,-8.173076,73.0,186,0.24341576904296874,True,REGULAR,USD,2026-06-18
PFE260618C00025000,2025-11-04 20:27:59+00:00,25.0,1.48,1.49,1.66,-0.26999998,-15.428571,1217.0,16752,0.2561109545898438,False,REGULAR,USD,2026-06-18
PFE260618C00026000,2025-11-04 19:18:29+00:00,26.0,1.16,1.09,1.41,-0.26,-18.30986,53.0,440,0.27197993652343744,False,REGULAR,USD,2026-06-18
PFE260618C00027000,2025-11-04 20:24:42+00:00,27.0,0.9,0.87,0.95,-0.18000007,-16.666674,717.0,24559,0.2500075,False,REGULAR,USD,2026-06-18
PFE260618C00028000,2025-11-04 18:28:15+00:00,28.0,0.71,0.68,0.77,-0.09000003,-11.250005,3.0,227,0.25879647460937505,False,REGULAR,USD,2026-06-18
PFE260618C00029000,2025-10-31 16:09:35+00:00,29.0,0.65,0.49,0.86,0.0,0.0,1.0,374,0.30493859130859374,False,REGULAR,USD,2026-06-18
PFE260618C00030000,2025-11-04 20:25:50+00:00,30.0,0.48,0.45,0.49,-0.060000032,-11.111116,759.0,34368,0.2700268310546875,False,REGULAR,USD,2026-06-18
PFE260618C00031000,2025-11-03 20:42:21+00:00,31.0,0.4,0.34,0.57,0.0,0.0,12.0,24,0.3110420458984374,False,REGULAR,USD,2026-06-18
PFE260618C00032000,2025-11-04 16:59:28+00:00,32.0,0.3,0.25,0.32,-0.01999998,-6.2499943,17.0,9848,0.28125718749999995,False,REGULAR,USD,2026-06-18
PFE260618C00033000,2025-10-27 17:50:45+00:00,33.0,0.26,0.08,0.45,0.0,0.0,,45,0.33350275878906255,False,REGULAR,USD,2026-06-18
PFE260618C00035000,2025-11-04 18:38:57+00:00,35.0,0.18,0.16,0.32,-0.029999986,-14.285707,32.0,16766,0.34229173339843744,False,REGULAR,USD,2026-06-18
PFE260618C00037000,2025-10-27 19:47:27+00:00,37.0,0.14,0.15,0.26,0.0,0.0,24.0,11032,0.35986968261718744,False,REGULAR,USD,2026-06-18
PFE260618C00040000,2025-11-04 19:38:17+00:00,40.0,0.12,0.1,0.16,0.029999994,33.333324,13.0,7521,0.36914693359375,False,REGULAR,USD,2026-06-18
PFE260618C00042000,2025-11-04 19:40:14+00:00,42.0,0.08,0.05,0.16,-0.049999997,-38.461536,1.0,3879,0.39649041015625003,False,REGULAR,USD,2026-06-18
PFE260618C00045000,2025-11-04 17:57:51+00:00,45.0,0.06,0.06,0.11,0.009999998,19.999994,11.0,7958,0.4062559375,False,REGULAR,USD,2026-06-18
PFE260918C00013000,2025-10-31 14:00:23+00:00,13.0,11.35,11.1,13.35,0.0,0.0,1.0,21,0.6723665576171877,True,REGULAR,USD,2026-09-18
PFE260918C00015000,2025-11-04 16:16:40+00:00,15.0,9.49,7.3,10.5,0.029999733,0.31712192,8.0,42,0.6118202880859377,True,REGULAR,USD,2026-09-18
PFE260918C00018000,2025-11-04 18:47:12+00:00,18.0,6.3,4.7,8.35,-0.4499998,-6.6666636,6.0,399,0.5822795678710937,True,REGULAR,USD,2026-09-18
PFE260918C00020000,2025-11-04 19:08:27+00:00,20.0,4.58,4.3,4.9,-0.17000008,-3.578949,147.0,1589,0.25098405273437496,True,REGULAR,USD,2026-09-18
PFE260918C00022000,2025-11-04 18:50:44+00:00,22.0,3.55,3.0,3.5,-0.049999952,-1.3888876,61.0,2955,0.24927508544921873,True,REGULAR,USD,2026-09-18
PFE260918C00025000,2025-11-04 20:43:04+00:00,25.0,1.79,1.77,2.02,-0.24000001,-11.940299,1586.0,8179,0.2556226782226563,False,REGULAR,USD,2026-09-18
PFE260918C00027000,2025-11-04 20:22:09+00:00,27.0,1.18,1.09,1.28,-0.110000014,-8.527134,22.0,4339,0.2500075,False,REGULAR,USD,2026-09-18
PFE260918C00030000,2025-11-04 19:42:16+00:00,30.0,0.67,0.63,0.73,-0.060000002,-8.219178,416.0,7941,0.26416751464843746,False,REGULAR,USD,2026-09-18
PFE260918C00032000,2025-11-03 18:32:30+00:00,32.0,0.55,0.44,0.55,0.030000031,5.769237,20.0,4000,0.2797923583984374,False,REGULAR,USD,2026-09-18
PFE260918C00035000,2025-11-04 18:43:10+00:00,35.0,0.33,0.35,0.45,-0.00999999,-2.9411736,88.0,1160,0.31641308593749995,False,REGULAR,USD,2026-09-18
PFE261218C00013000,2025-11-04 16:00:11+00:00,13.0,11.75,9.0,14.0,0.5600004,5.0044723,10.0,33,0.9433599414062499,True,REGULAR,USD,2026-12-18
PFE261218C00015000,2025-11-04 18:54:54+00:00,15.0,9.26,8.95,10.0,-0.7399998,-7.3999977,13.0,54,0.44043528320312497,True,REGULAR,USD,2026-12-18
PFE261218C00018000,2025-10-22 15:59:41+00:00,18.0,6.93,5.25,9.0,0.0,0.0,5.0,167,0.6010782080078126,True,REGULAR,USD,2026-12-18
PFE261218C00020000,2025-11-04 15:34:15+00:00,20.0,5.24,4.55,5.1,0.35999966,7.377042,23.0,1831,0.25049577636718745,True,REGULAR,USD,2026-12-18
PFE261218C00023000,2025-11-04 19:17:23+00:00,23.0,2.89,2.8,3.1,-0.19999981,-6.472486,45.0,4159,0.23902128173828124,True,REGULAR,USD,2026-12-18
PFE261218C00025000,2025-11-04 20:18:11+00:00,25.0,2.06,2.01,2.13,-0.24000001,-10.434783,191.0,6853,0.2362136926269531,False,REGULAR,USD,2026-12-18
PFE261218C00027000,2025-11-04 19:49:54+00:00,27.0,1.45,1.35,1.48,-0.099999905,-6.4516068,48.0,11269,0.24097438720703124,False,REGULAR,USD,2026-12-18
PFE261218C00030000,2025-11-04 20:18:43+00:00,30.0,0.84,0.8,0.89,-0.08000004,-8.695656,1503.0,14202,0.25269302001953126,False,REGULAR,USD,2026-12-18
PFE261218C00032000,2025-11-04 18:54:37+00:00,32.0,0.6,0.53,0.67,-0.120000005,-16.666666,674.0,3653,0.26416751464843746,False,REGULAR,USD,2026-12-18
PFE261218C00035000,2025-11-04 20:32:52+00:00,35.0,0.42,0.36,0.43,0.030000001,7.692308,56.0,5448,0.27539787109374997,False,REGULAR,USD,2026-12-18
PFE261218C00037000,2025-11-04 14:51:32+00:00,37.0,0.37,0.3,0.58,-0.049999982,-11.9047575,1.0,666,0.32959654785156245,False,REGULAR,USD,2026-12-18
PFE261218C00040000,2025-11-04 20:37:01+00:00,40.0,0.25,0.22,0.27,-0.02000001,-7.4074106,42.0,18198,0.305671005859375,False,REGULAR,USD,2026-12-18
PFE261218C00042000,2025-11-04 15:34:01+00:00,42.0,0.22,0.2,0.23,0.0,0.0,8.0,1387,0.31641308593749995,False,REGULAR,USD,2026-12-18
PFE261218C00045000,2025-11-04 20:40:29+00:00,45.0,0.19,0.15,0.19,0.00999999,5.8823466,1073.0,14098,0.33301448242187504,False,REGULAR,USD,2026-12-18
PFE270115C00013000,2025-11-04 19:48:44+00:00,13.0,11.35,9.55,14.0,-0.19999981,-1.7316,1.0,114,0.9125985302734375,True,REGULAR,USD,2027-01-15
PFE270115C00015000,2025-10-31 19:20:50+00:00,15.0,9.66,7.5,10.95,0.0,0.0,9.0,555,0.5991251025390626,True,REGULAR,USD,2027-01-15
PFE270115C00018000,2025-11-04 19:52:41+00:00,18.0,6.36,6.2,6.5,-0.10999966,-1.7001493,15.0,724,0.2016681396484375,True,REGULAR,USD,2027-01-15
PFE270115C00020000,2025-11-04 20:10:07+00:00,20.0,4.77,4.8,4.85,-0.32999992,-6.470587,162.0,12518,0.20655090332031245,True,REGULAR,USD,2027-01-15
PFE270115C00023000,2025-11-04 19:48:32+00:00,23.0,2.98,2.95,3.05,-0.17000008,-5.3968277,38.0,8410,0.22620402709960938,True,REGULAR,USD,2027-01-15
PFE270115C00025000,2025-11-04 20:22:16+00:00,25.0,2.12,2.08,2.17,-0.23000002,-9.787235,419.0,27595,0.23230748168945312,False,REGULAR,USD,2027-01-15
PFE270115C00027000,2025-11-04 19:58:20+00:00,27.0,1.48,1.43,1.61,-0.17999995,-10.84337,378.0,45790,0.24585715087890625,False,REGULAR,USD,2027-01-15
PFE270115C00030000,2025-11-04 20:33:57+00:00,30.0,0.88,0.9,0.91,-0.16999996,-16.190474,2099.0,32719,0.24683370361328127,False,REGULAR,USD,2027-01-15
PFE270115C00032000,2025-11-04 18:17:07+00:00,32.0,0.67,0.59,0.69,-0.06999999,-9.459458,41.0,13021,0.2580640600585938,False,REGULAR,USD,2027-01-15
PFE270115C00035000,2025-11-04 20:37:06+00:00,35.0,0.45,0.43,0.48,-0.04000002,-8.163269,147.0,23321,0.2749095947265625,False,REGULAR,USD,2027-01-15
PFE270115C00037000,2025-11-04 20:35:13+00:00,37.0,0.36,0.3,0.4,0.0,0.0,22.0,6541,0.2880930566406249,False,REGULAR,USD,2027-01-15
PFE270115C00040000,2025-11-04 20:36:46+00:00,40.0,0.26,0.25,0.28,-0.030000001,-10.344828,244.0,8344,0.29834686035156244,False,REGULAR,USD,2027-01-15
PFE270115C00042000,2025-11-04 17:04:43+00:00,42.0,0.27,0.22,0.27,0.02000001,8.000004,161.0,19411,0.31641308593749995,False,REGULAR,USD,2027-01-15
PFE271217C00013000,2025-11-04 17:13:57+00:00,13.0,11.72,9.0,14.0,0.09000015,0.773862,305.0,445,0.6865265722656251,True,REGULAR,USD,2027-12-17
PFE271217C00015000,2025-11-04 19:43:00+00:00,15.0,9.4,8.35,11.9,-0.35000038,-3.5897474,3.0,441,0.5644574804687501,True,REGULAR,USD,2027-12-17
PFE271217C00018000,2025-11-04 20:01:38+00:00,18.0,6.5,6.4,6.8,-1.3499999,-17.19745,7.0,1127,0.20117986328124998,True,REGULAR,USD,2027-12-17
PFE271217C00020000,2025-11-04 18:05:36+00:00,20.0,5.11,4.95,5.35,-0.19000006,-3.5849066,3.0,5135,0.20728331787109372,True,REGULAR,USD,2027-12-17
PFE271217C00022000,2025-11-04 20:01:06+00:00,22.0,3.95,3.85,4.15,-0.29999995,-7.0588226,7.0,4339,0.21216608154296873,True,REGULAR,USD,2027-12-17
PFE271217C00025000,2025-11-04 20:32:00+00:00,25.0,2.72,2.65,2.79,-0.18000007,-6.206899,92.0,13010,0.2186357434082031,False,REGULAR,USD,2027-12-17
PFE271217C00027000,2025-11-04 20:37:36+00:00,27.0,2.2,2.05,2.2,-0.099999905,-4.347822,25.0,4178,0.2274247180175781,False,REGULAR,USD,2027-12-17
PFE271217C00030000,2025-11-04 20:35:24+00:00,30.0,1.48,1.41,1.54,-0.120000005,-7.5,182.0,13620,0.23706817626953125,False,REGULAR,USD,2027-12-17
PFE271217C00032000,2025-11-04 18:36:14+00:00,32.0,1.17,1.15,1.25,-0.110000014,-8.593752,31.0,4960,0.24488059814453128,False,REGULAR,USD,2027-12-17
PFE271217C00035000,2025-11-04 18:38:04+00:00,35.0,0.87,0.85,0.9,-0.06999999,-7.4468074,287.0,10063,0.2524488818359375,False,REGULAR,USD,2027-12-17
PFE280121C00013000,2025-11-04 18:54:27+00:00,13.0,12.5,10.15,14.0,0.8500004,7.2961407,8.0,253,0.6713900048828126,True,REGULAR,USD,2028-01-21
PFE280121C00015000,2025-11-04 19:50:16+00:00,15.0,9.33,9.1,10.85,-0.3699999,-3.814432,10.0,355,0.42847251220703125,True,REGULAR,USD,2028-01-21
PFE280121C00018000,2025-11-04 19:15:54+00:00,18.0,6.5,6.35,7.8,-0.099999905,-1.5151501,2.0,301,0.3107979077148437,True,REGULAR,USD,2028-01-21
PFE280121C00020000,2025-11-04 20:03:38+00:00,20.0,5.1,5.0,5.7,-0.3499999,-6.422017,197.0,3625,0.23511507080078126,True,REGULAR,USD,2028-01-21
PFE280121C00022000,2025-11-04 20:37:59+00:00,22.0,4.06,3.9,4.1,-0.24000025,-5.6603827,102.0,4515,0.2036212451171875,True,REGULAR,USD,2028-01-21
PFE280121C00025000,2025-11-04 20:35:07+00:00,25.0,2.8,2.72,2.99,-0.20000005,-6.666668,1309.0,9011,0.22779092529296874,False,REGULAR,USD,2028-01-21
PFE280121C00027000,2025-11-04 20:35:39+00:00,27.0,2.22,2.2,2.32,-0.12999988,-5.53191,2227.0,5321,0.23084265258789063,False,REGULAR,USD,2028-01-21
PFE280121C00030000,2025-11-04 20:19:33+00:00,30.0,1.61,1.5,1.6,-0.029999971,-1.8292665,1780.0,14375,0.23645783081054686,False,REGULAR,USD,2028-01-21
PFE280121C00032000,2025-11-04 19:49:01+00:00,32.0,1.23,1.15,1.27,-0.100000024,-7.5187984,264.0,4999,0.241218525390625,False,REGULAR,USD,2028-01-21
PFE280121C00035000,2025-11-04 19:56:40+00:00,35.0,0.88,0.88,0.96,-0.06999999,-7.36842,272.0,11275,0.2525709509277344,False,REGULAR,USD,2028-01-21
